Unnamed: 0,Nedbør (1 t),Lufttemperatur,Middelvind,Skydekke,count,weekday,hour,isHoliday,count_last_hour,month,bike_availability_443.0,dock_availability_443.0,bike_availability_478.0,dock_availability_478.0,bike_availability_392.0,dock_availability_392.0,bike_availability_576.0,dock_availability_576.0,bike_availability_2328.0,dock_availability_2328.0,bike_availability_599.0,dock_availability_599.0,bike_availability_545.0,dock_availability_545.0,bike_availability_547.0,dock_availability_547.0,bike_availability_577.0,dock_availability_577.0,num_bikes_available
2022-06-01 00:00:00+00:00,0.0,-3.7,2.2,0,0,2,0,False,,6,0.9963888888888884,0.9963888888888884,0.9963888888888884,0.9963888888888884,0.9963888888888884,0.9963888888888884,0.9963888888888884,0.9963888888888884,0.9963888888888884,0.9963888888888884,0.9963888888888884,0.9963888888888884,0.9963888888888884,0.9963888888888884,0.9963888888888884,0.9963888888888884,0.9963888888888884,0.9963888888888884,25
2022-06-01 01:00:00+00:00,0.0,-4.4,0.5,0,0,2,1,False,0.0,6,0.9797222222222224,0.9797222222222224,0.9797222222222224,0.9797222222222224,0.9797222222222224,0.9797222222222224,0.9797222222222224,0.9797222222222224,0.9797222222222224,0.9797222222222224,0.9797222222222224,0.9797222222222224,0.9797222222222224,0.9797222222222224,0.9797222222222224,0.9797222222222224,0.9797222222222224,0.9797222222222224,25
2022-06-01 02:00:00+00:00,0.0,-1.7,5.3,0,0,2,2,False,0.0,6,0.9866666666666666,0.9866666666666666,0.9866666666666666,0.9866666666666666,0.9866666666666666,0.9866666666666666,0.9866666666666666,0.9866666666666666,0.9866666666666666,0.9866666666666666,0.9866666666666666,0.9866666666666666,0.9866666666666666,0.9866666666666666,0.9866666666666666,0.9866666666666666,0.9866666666666666,0.9866666666666666,25
2022-06-01 03:00:00+00:00,0.0,-4.3,2.5,0,0,2,3,False,0.0,6,0.9819444444444444,0.9819444444444444,0.9819444444444444,0.9819444444444444,0.9819444444444444,0.9819444444444444,0.9819444444444444,0.9819444444444444,0.9819444444444444,0.9819444444444444,0.9819444444444444,0.9819444444444444,0.9819444444444444,0.9819444444444444,0.9819444444444444,0.9819444444444444,0.9819444444444444,0.9819444444444444,25
2022-06-01 04:00:00+00:00,0.0,-4.3,3.8,0,0,2,4,False,0.0,6,0.978888888888889,0.978888888888889,0.978888888888889,0.978888888888889,0.978888888888889,0.978888888888889,0.978888888888889,0.978888888888889,0.978888888888889,0.978888888888889,0.978888888888889,0.978888888888889,0.978888888888889,0.978888888888889,0.978888888888889,0.978888888888889,0.978888888888889,0.978888888888889,25
2022-06-01 05:00:00+00:00,0.0,-3.8,3.7,0,2,2,5,False,0.0,6,0.9966666666666671,0.9966666666666671,0.9966666666666671,0.9966666666666671,0.9966666666666671,0.9966666666666671,0.9966666666666671,0.9966666666666671,0.9966666666666671,0.9966666666666671,0.9966666666666671,0.9966666666666671,0.9966666666666671,0.9966666666666671,0.9966666666666671,0.9966666666666671,0.9966666666666671,0.9966666666666671,25
2022-06-01 06:00:00+00:00,0.0,-4.5,1.4,0,1,2,6,False,2.0,6,0.984722222222222,0.984722222222222,0.984722222222222,0.984722222222222,0.984722222222222,0.984722222222222,0.984722222222222,0.984722222222222,0.6380555555555555,0.6158333333333332,0.984722222222222,0.984722222222222,0.984722222222222,0.984722222222222,0.984722222222222,0.984722222222222,0.984722222222222,0.984722222222222,25
2022-06-01 07:00:00+00:00,0.0,-5.1,1.0,4,2,2,7,False,1.0,6,0.9783333333333334,0.9783333333333334,0.9783333333333334,0.9783333333333334,0.9783333333333334,0.9783333333333334,0.9555555555555556,0.9636111111111112,0.9644444444444444,0.9719444444444444,0.9783333333333334,0.9783333333333334,0.9783333333333334,0.9783333333333334,0.9783333333333334,0.9783333333333334,0.9783333333333334,0.9783333333333334,8
2022-06-01 08:00:00+00:00,0.0,-5.3,0.5,4,3,2,8,False,2.0,6,0.9880555555555556,0.9880555555555556,0.9880555555555556,0.9880555555555556,0.9880555555555556,0.9880555555555556,0.9880555555555556,0.9880555555555556,0.9880555555555556,0.9880555555555556,0.5225,0.4886111111111111,0.9880555555555556,0.9880555555555556,0.7830555555555554,0.7680555555555554,0.9880555555555556,0.9880555555555556,12
2022-06-01 09:00:00+00:00,0.0,-5.4,2.2,4,0,2,9,False,3.0,6,0.9908333333333332,0.9908333333333332,0.9908333333333332,0.9908333333333332,0.9908333333333332,0.9908333333333332,0.9908333333333332,0.9908333333333332,0.3186111111111112,0.2516666666666667,0.0,0.0,0.9908333333333332,0.9908333333333332,0.3683333333333332,0.3458333333333332,0.47,0.4469444444444445,18
2022-06-01 10:00:00+00:00,0.0,-5.9,1.1,2,0,2,10,False,0.0,6,0.0883333333333333,0.0505555555555555,0.9816666666666668,0.9816666666666668,0.9816666666666668,0.9816666666666668,0.6797222222222224,0.6797222222222224,0.0,0.0,0.0,0.0,0.582777777777778,0.5522222222222224,0.0,0.0,0.0,0.0,23
2022-06-01 11:00:00+00:00,0.0,-4.6,1.3,2,1,2,11,False,0.0,6,0.6966666666666668,0.7286111111111113,0.986388888888889,0.986388888888889,0.986388888888889,0.986388888888889,0.5266666666666667,0.5038888888888889,0.1927777777777778,0.185,0.2091666666666667,0.2177777777777778,0.0,0.0,0.7788888888888889,0.8016666666666666,0.0,0.0,25
2022-06-01 12:00:00+00:00,0.0,-4.2,1.2,2,3,2,12,False,1.0,6,0.0,0.0,0.0994444444444444,0.0983333333333333,0.9838888888888888,0.9838888888888888,0.0394444444444444,0.0527777777777777,0.4072222222222222,0.3994444444444445,0.0,0.0,0.0,0.0,0.0391666666666666,0.0163888888888888,0.0,0.0,27
2022-06-01 13:00:00+00:00,0.0,-2.7,1.5,2,1,2,13,False,3.0,6,0.6244444444444445,0.6558333333333334,0.3269444444444443,0.3283333333333332,0.9899999999999998,0.9899999999999998,0.6244444444444445,0.6175,0.2963888888888889,0.2716666666666666,0.1455555555555555,0.1291666666666666,0.0,0.0,0.6733333333333332,0.6741666666666666,0.0,0.0,27
2022-06-01 14:00:00+00:00,0.0,-3.9,0.2,2,3,2,14,False,1.0,6,0.9908333333333332,0.9908333333333332,0.6780555555555555,0.6777777777777778,0.9908333333333332,0.9908333333333332,0.6011111111111109,0.6233333333333332,0.4322222222222221,0.438611111111111,0.0388888888888888,0.0547222222222222,0.0,0.0,0.0,0.0,0.0,0.0,27
2022-06-01 15:00:00+00:00,0.0,-4.0,0.8,2,3,2,15,False,3.0,6,0.9874999999999996,0.9874999999999996,0.3244444444444445,0.2819444444444445,0.9874999999999996,0.9874999999999996,0.8433333333333332,0.8119444444444442,0.36,0.3838888888888889,0.2594444444444444,0.2361111111111111,0.0,0.0,0.8955555555555554,0.9183333333333332,0.1288888888888889,0.1125,26
2022-06-01 16:00:00+00:00,0.0,-6.6,0.0,1,0,2,16,False,3.0,6,0.982222222222222,0.982222222222222,0.4166666666666667,0.4327777777777778,0.982222222222222,0.982222222222222,0.2466666666666666,0.2616666666666666,0.2644444444444445,0.2641666666666667,0.982222222222222,0.982222222222222,0.0,0.0,0.982222222222222,0.982222222222222,0.9558333333333332,0.971111111111111,4
2022-06-01 17:00:00+00:00,0.0,-7.7,1.6,1,1,2,17,False,0.0,6,0.9911111111111108,0.9911111111111108,0.7347222222222222,0.7394444444444443,0.9911111111111108,0.9911111111111108,0.9911111111111108,0.9911111111111108,0.2177777777777777,0.2125,0.9911111111111108,0.9911111111111108,0.0,0.0,0.9513888888888888,0.9349999999999998,0.773611111111111,0.7824999999999999,9
2022-06-01 18:00:00+00:00,0.0,-8.5,1.1,1,0,2,18,False,1.0,6,0.9025,0.8872222222222221,0.680833333333333,0.6736111111111107,0.989444444444444,0.989444444444444,0.989444444444444,0.989444444444444,0.7391666666666663,0.7863888888888885,0.989444444444444,0.989444444444444,0.0,0.0,0.0,0.0,0.989444444444444,0.989444444444444,9
2022-06-01 19:00:00+00:00,0.0,-9.0,1.7,0,4,2,19,False,0.0,6,0.661111111111111,0.7080555555555557,0.6133333333333334,0.6041666666666667,0.9933333333333332,0.9933333333333332,0.9933333333333332,0.9933333333333332,0.9933333333333332,0.9933333333333332,0.9933333333333332,0.9933333333333332,0.2261111111111111,0.2338888888888889,0.0769444444444444,0.1005555555555555,0.9933333333333332,0.9933333333333332,12
2022-06-01 20:00:00+00:00,0.0,-9.0,2.7,0,0,2,20,False,4.0,6,0.9983333333333332,0.9983333333333332,0.8847222222222222,0.8775,0.9983333333333332,0.9983333333333332,0.9983333333333332,0.9983333333333332,0.9983333333333332,0.9983333333333332,0.9983333333333332,0.9983333333333332,0.9983333333333332,0.9983333333333332,0.9983333333333332,0.9983333333333332,0.9983333333333332,0.9983333333333332,12
2022-06-01 21:00:00+00:00,0.0,-9.5,1.8,0,2,2,21,False,0.0,6,0.9899999999999995,0.9899999999999995,0.899444444444444,0.8836111111111107,0.9899999999999995,0.9899999999999995,0.9899999999999995,0.9899999999999995,0.9899999999999995,0.9899999999999995,0.9899999999999995,0.9899999999999995,0.9899999999999995,0.9899999999999995,0.9899999999999995,0.9899999999999995,0.9899999999999995,0.9899999999999995,13
2022-06-01 22:00:00+00:00,0.0,-9.2,2.2,5,0,2,22,False,2.0,6,0.9877777777777776,0.9877777777777776,0.0,0.0,0.9877777777777776,0.9877777777777776,0.9877777777777776,0.9877777777777776,0.9877777777777776,0.9877777777777776,0.9877777777777776,0.9877777777777776,0.9877777777777776,0.9877777777777776,0.9877777777777776,0.9877777777777776,0.9877777777777776,0.9877777777777776,10
2022-06-01 23:00:00+00:00,0.0,-8.2,1.9,5,0,2,23,False,0.0,6,0.979722222222222,0.979722222222222,0.0,0.0,0.979722222222222,0.979722222222222,0.979722222222222,0.979722222222222,0.979722222222222,0.979722222222222,0.979722222222222,0.979722222222222,0.979722222222222,0.979722222222222,0.979722222222222,0.979722222222222,0.979722222222222,0.979722222222222,10
2022-06-02 00:00:00+00:00,0.0,3.1,0.9,8,0,3,0,False,0.0,6,0.9847222222222224,0.9847222222222224,0.0,0.0,0.9847222222222224,0.9847222222222224,0.9847222222222224,0.9847222222222224,0.9847222222222224,0.9847222222222224,0.9847222222222224,0.9847222222222224,0.9847222222222224,0.9847222222222224,0.9847222222222224,0.9847222222222224,0.9847222222222224,0.9847222222222224,9
2022-06-02 01:00:00+00:00,0.0,2.3,2.2,8,0,3,1,False,0.0,6,0.9841666666666667,0.9841666666666667,0.0,0.0,0.9841666666666667,0.9841666666666667,0.9841666666666667,0.9841666666666667,0.9841666666666667,0.9841666666666667,0.9841666666666667,0.9841666666666667,0.9841666666666667,0.9841666666666667,0.9841666666666667,0.9841666666666667,0.9841666666666667,0.9841666666666667,9
2022-06-02 02:00:00+00:00,0.0,1.1,2.5,8,0,3,2,False,0.0,6,0.9808333333333332,0.9808333333333332,0.0,0.0,0.9808333333333332,0.9808333333333332,0.9808333333333332,0.9808333333333332,0.9808333333333332,0.9808333333333332,0.9808333333333332,0.9808333333333332,0.9808333333333332,0.9808333333333332,0.9808333333333332,0.9808333333333332,0.9808333333333332,0.9808333333333332,9
2022-06-02 03:00:00+00:00,0.0,1.4,5.6,8,0,3,3,False,0.0,6,0.9911111111111108,0.9911111111111108,0.0,0.0,0.9911111111111108,0.9911111111111108,0.9911111111111108,0.9911111111111108,0.9911111111111108,0.9911111111111108,0.9911111111111108,0.9911111111111108,0.9911111111111108,0.9911111111111108,0.9911111111111108,0.9911111111111108,0.9911111111111108,0.9911111111111108,9
2022-06-02 04:00:00+00:00,0.0,2.1,6.3,8,0,3,4,False,0.0,6,0.9866666666666664,0.9866666666666664,0.0,0.0,0.9866666666666664,0.9866666666666664,0.9866666666666664,0.9866666666666664,0.9866666666666664,0.9866666666666664,0.9866666666666664,0.9866666666666664,0.9866666666666664,0.9866666666666664,0.9866666666666664,0.9866666666666664,0.9866666666666664,0.9866666666666664,9
2022-06-02 05:00:00+00:00,0.0,1.2,5.4,8,3,3,5,False,0.0,6,0.984444444444444,0.984444444444444,0.0,0.0,0.984444444444444,0.984444444444444,0.984444444444444,0.984444444444444,0.984444444444444,0.984444444444444,0.984444444444444,0.984444444444444,0.984444444444444,0.984444444444444,0.984444444444444,0.984444444444444,0.984444444444444,0.984444444444444,9
2022-06-02 06:00:00+00:00,0.0,-0.3,4.1,8,0,3,6,False,3.0,6,0.9861111111111108,0.9861111111111108,0.0711111111111111,0.0852777777777777,0.9861111111111108,0.9861111111111108,0.9861111111111108,0.9861111111111108,0.4399999999999999,0.4041666666666665,0.9861111111111108,0.9861111111111108,0.9861111111111108,0.9861111111111108,0.9861111111111108,0.9861111111111108,0.9861111111111108,0.9861111111111108,10
2022-06-02 07:00:00+00:00,0.0,-0.8,4.1,3,1,3,7,False,0.0,6,0.9877777777777776,0.9877777777777776,0.2736111111111111,0.2741666666666666,0.9877777777777776,0.9877777777777776,0.9877777777777776,0.9877777777777776,0.0,0.0219444444444444,0.9877777777777776,0.9877777777777776,0.9877777777777776,0.9877777777777776,0.9877777777777776,0.9877777777777776,0.9877777777777776,0.9877777777777776,15
2022-06-02 08:00:00+00:00,0.0,-0.8,3.6,3,1,3,8,False,1.0,6,0.9988888888888886,0.9988888888888886,0.1852777777777777,0.1772222222222222,0.9988888888888886,0.9988888888888886,0.9988888888888886,0.9988888888888886,0.5505555555555555,0.5277777777777777,0.9988888888888886,0.9988888888888886,0.9988888888888886,0.9988888888888886,0.9988888888888886,0.9988888888888886,0.9988888888888886,0.9988888888888886,21
2022-06-02 09:00:00+00:00,0.0,-0.2,2.1,3,0,3,9,False,1.0,6,0.9652777777777776,0.9652777777777776,0.0455555555555555,0.0549999999999999,0.9652777777777776,0.9652777777777776,0.9652777777777776,0.9652777777777776,0.0,0.0,0.7649999999999999,0.7130555555555554,0.9652777777777776,0.9652777777777776,0.3077777777777779,0.3008333333333334,0.8527777777777776,0.8380555555555554,26
2022-06-02 10:00:00+00:00,0.0,0.1,4.1,5,0,3,10,False,0.0,6,0.98,0.98,0.0,0.0,0.98,0.98,0.7844444444444445,0.7683333333333333,0.1227777777777777,0.1452777777777777,0.2113888888888888,0.2191666666666666,0.98,0.98,0.6916666666666668,0.6530555555555556,0.0,0.0,25
2022-06-02 11:00:00+00:00,0.0,1.3,2.0,5,0,3,11,False,0.0,6,0.8052777777777775,0.7836111111111109,0.7,0.7305555555555554,0.9861111111111108,0.9861111111111108,0.8952777777777775,0.8641666666666664,0.9861111111111108,0.9861111111111108,0.7,0.7305555555555554,0.3522222222222222,0.3363888888888889,0.0,0.0,0.0,0.0,26
2022-06-02 12:00:00+00:00,0.0,1.1,3.8,5,1,3,12,False,0.0,6,0.2586111111111111,0.2527777777777777,0.9858333333333332,0.9858333333333332,0.9858333333333332,0.9858333333333332,0.0,0.0,0.9858333333333332,0.9858333333333332,0.9858333333333332,0.9858333333333332,0.0,0.0,0.0,0.0,0.0,0.015,26
2022-06-02 13:00:00+00:00,0.0,3.1,4.6,3,2,3,13,False,1.0,6,0.6819444444444445,0.6966666666666667,0.3152777777777778,0.2711111111111111,0.9966666666666668,0.9966666666666668,0.0,0.0,0.9966666666666668,0.9966666666666668,0.1694444444444444,0.1469444444444444,0.0,0.0,0.1125,0.1269444444444444,0.9966666666666668,0.9966666666666668,26
2022-06-02 14:00:00+00:00,0.0,2.9,3.5,3,1,3,14,False,2.0,6,0.999722222222222,0.999722222222222,0.4147222222222222,0.3997222222222221,0.999722222222222,0.999722222222222,0.0,0.0,0.999722222222222,0.999722222222222,0.1111111111111111,0.1336111111111111,0.0,0.0,0.2172222222222222,0.1508333333333333,0.999722222222222,0.999722222222222,26
2022-06-02 15:00:00+00:00,0.0,2.5,3.1,3,1,3,15,False,1.0,6,1.0,1.0,0.1691666666666666,0.1988888888888889,1.0,1.0,0.0444444444444444,0.1177777777777777,1.0,1.0,1.0,1.0,0.1475,0.155,0.0,0.0,1.0,1.0,26
2022-06-02 16:00:00+00:00,0.0,2.4,3.7,3,0,3,16,False,1.0,6,0.9836111111111112,0.9836111111111112,0.9836111111111112,0.9836111111111112,0.9836111111111112,0.9836111111111112,0.9836111111111112,0.9836111111111112,0.9836111111111112,0.9836111111111112,0.9836111111111112,0.9836111111111112,0.8975000000000001,0.9125,0.8819444444444445,0.8975000000000001,0.9836111111111112,0.9836111111111112,23
2022-06-02 17:00:00+00:00,0.0,0.7,3.5,3,1,3,17,False,0.0,6,0.9805555555555554,0.9805555555555554,0.9805555555555554,0.9805555555555554,0.9805555555555554,0.9805555555555554,0.9805555555555554,0.9805555555555554,0.9805555555555554,0.9805555555555554,0.9805555555555554,0.9805555555555554,0.9805555555555554,0.9805555555555554,0.9805555555555554,0.9805555555555554,0.9805555555555554,0.9805555555555554,24
2022-06-02 18:00:00+00:00,0.0,-0.6,1.3,3,1,3,18,False,1.0,6,0.9802777777777776,0.9802777777777776,0.5183333333333334,0.5319444444444446,0.9802777777777776,0.9802777777777776,0.9802777777777776,0.9802777777777776,0.9802777777777776,0.9802777777777776,0.9802777777777776,0.9802777777777776,0.9802777777777776,0.9802777777777776,0.9802777777777776,0.9802777777777776,0.9802777777777776,0.9802777777777776,25
2022-06-02 19:00:00+00:00,0.0,-0.9,2.3,4,0,3,19,False,1.0,6,0.985277777777778,0.985277777777778,0.8763888888888891,0.8766666666666669,0.985277777777778,0.985277777777778,0.985277777777778,0.985277777777778,0.985277777777778,0.985277777777778,0.985277777777778,0.985277777777778,0.985277777777778,0.985277777777778,0.985277777777778,0.985277777777778,0.985277777777778,0.985277777777778,26
2022-06-02 20:00:00+00:00,0.0,-2.6,0.4,4,0,3,20,False,0.0,6,0.9844444444444446,0.9844444444444446,0.9844444444444446,0.9844444444444446,0.9844444444444446,0.9844444444444446,0.9844444444444446,0.9844444444444446,0.9844444444444446,0.9844444444444446,0.9844444444444446,0.9844444444444446,0.9844444444444446,0.9844444444444446,0.9844444444444446,0.9844444444444446,0.9844444444444446,0.9844444444444446,25
2022-06-02 21:00:00+00:00,0.0,-3.2,1.1,4,0,3,21,False,0.0,6,0.9855555555555556,0.9855555555555556,0.9855555555555556,0.9855555555555556,0.9855555555555556,0.9855555555555556,0.9855555555555556,0.9855555555555556,0.9855555555555556,0.9855555555555556,0.9855555555555556,0.9855555555555556,0.9855555555555556,0.9855555555555556,0.9855555555555556,0.9855555555555556,0.9855555555555556,0.9855555555555556,25
2022-06-02 22:00:00+00:00,0.0,-4.0,1.8,2,0,3,22,False,0.0,6,0.985,0.985,0.985,0.985,0.985,0.985,0.985,0.985,0.985,0.985,0.985,0.985,0.985,0.985,0.985,0.985,0.985,0.985,25
2022-06-02 23:00:00+00:00,0.0,-3.3,2.1,2,0,3,23,False,0.0,6,0.9766666666666668,0.9766666666666668,0.9766666666666668,0.9766666666666668,0.9766666666666668,0.9766666666666668,0.9766666666666668,0.9766666666666668,0.9766666666666668,0.9766666666666668,0.9766666666666668,0.9766666666666668,0.9766666666666668,0.9766666666666668,0.9766666666666668,0.9766666666666668,0.9766666666666668,0.9766666666666668,26
2022-06-03 00:00:00+00:00,0.0,-1.3,1.4,2,0,4,0,False,0.0,6,0.9802777777777778,0.9802777777777778,0.9802777777777778,0.9802777777777778,0.9802777777777778,0.9802777777777778,0.9802777777777778,0.9802777777777778,0.9802777777777778,0.9802777777777778,0.9802777777777778,0.9802777777777778,0.9802777777777778,0.9802777777777778,0.9802777777777778,0.9802777777777778,0.9802777777777778,0.9802777777777778,26
2022-06-03 01:00:00+00:00,0.0,-1.6,0.9,2,0,4,1,False,0.0,6,0.9897222222222222,0.9897222222222222,0.9897222222222222,0.9897222222222222,0.9897222222222222,0.9897222222222222,0.9897222222222222,0.9897222222222222,0.9897222222222222,0.9897222222222222,0.9897222222222222,0.9897222222222222,0.9897222222222222,0.9897222222222222,0.9897222222222222,0.9897222222222222,0.9897222222222222,0.9897222222222222,26
2022-06-03 02:00:00+00:00,0.0,-2.0,1.3,2,0,4,2,False,0.0,6,0.9916666666666668,0.9916666666666668,0.9916666666666668,0.9916666666666668,0.9916666666666668,0.9916666666666668,0.9916666666666668,0.9916666666666668,0.9916666666666668,0.9916666666666668,0.9916666666666668,0.9916666666666668,0.9916666666666668,0.9916666666666668,0.9916666666666668,0.9916666666666668,0.9916666666666668,0.9916666666666668,26
2022-06-03 03:00:00+00:00,0.0,-3.1,0.3,2,0,4,3,False,0.0,6,0.9891666666666666,0.9891666666666666,0.9891666666666666,0.9891666666666666,0.9891666666666666,0.9891666666666666,0.9891666666666666,0.9891666666666666,0.9891666666666666,0.9891666666666666,0.9891666666666666,0.9891666666666666,0.9891666666666666,0.9891666666666666,0.9891666666666666,0.9891666666666666,0.9891666666666666,0.9891666666666666,26
2022-06-03 04:00:00+00:00,0.0,-3.4,1.1,2,0,4,4,False,0.0,6,0.9825,0.9825,0.9825,0.9825,0.9825,0.9825,0.9825,0.9825,0.9825,0.9825,0.9825,0.9825,0.9825,0.9825,0.9825,0.9825,0.9825,0.9825,26
2022-06-03 05:00:00+00:00,0.0,-3.1,1.7,2,2,4,5,False,0.0,6,0.9861111111111112,0.9861111111111112,0.9861111111111112,0.9861111111111112,0.9861111111111112,0.9861111111111112,0.9861111111111112,0.9861111111111112,0.9861111111111112,0.9861111111111112,0.9861111111111112,0.9861111111111112,0.9861111111111112,0.9861111111111112,0.9861111111111112,0.9861111111111112,0.9861111111111112,0.9861111111111112,26
2022-06-03 06:00:00+00:00,0.0,-3.5,1.0,2,3,4,6,False,2.0,6,0.9916666666666666,0.9916666666666666,0.9916666666666666,0.9916666666666666,0.9916666666666666,0.9916666666666666,0.9916666666666666,0.9916666666666666,0.9916666666666666,0.9916666666666666,0.9916666666666666,0.9916666666666666,0.9916666666666666,0.9916666666666666,0.9916666666666666,0.9916666666666666,0.9916666666666666,0.9916666666666666,26
2022-06-03 07:00:00+00:00,0.0,-3.8,0.8,0,1,4,7,False,3.0,6,0.9677777777777776,0.9677777777777776,0.8816666666666665,0.8738888888888887,0.9677777777777776,0.9677777777777776,0.9677777777777776,0.9677777777777776,0.52,0.52,0.9677777777777776,0.9677777777777776,0.9677777777777776,0.9677777777777776,0.9677777777777776,0.9677777777777776,0.9677777777777776,0.9677777777777776,7
2022-06-03 08:00:00+00:00,0.0,-3.3,0.6,0,3,4,8,False,1.0,6,0.9325,0.9325,0.7608333333333333,0.7011111111111111,0.9325,0.9325,0.9325,0.9325,0.9325,0.9325,0.9325,0.9325,0.9325,0.9325,0.9325,0.9325,0.9325,0.9325,9
2022-06-03 09:00:00+00:00,0.0,0.9,0.4,0,0,4,9,False,3.0,6,0.9850000000000004,0.9850000000000004,0.0455555555555555,0.0680555555555555,0.9850000000000004,0.9850000000000004,0.9850000000000004,0.9850000000000004,0.9850000000000004,0.9850000000000004,0.9850000000000004,0.9850000000000004,0.9850000000000004,0.9850000000000004,0.9850000000000004,0.9850000000000004,0.9850000000000004,0.9850000000000004,12
2022-06-03 10:00:00+00:00,0.0,0.9,1.8,1,0,4,10,False,0.0,6,0.9830555555555552,0.9830555555555552,0.9830555555555552,0.9830555555555552,0.9830555555555552,0.9830555555555552,0.9830555555555552,0.9830555555555552,0.6866666666666665,0.6422222222222221,0.9830555555555552,0.9830555555555552,0.9830555555555552,0.9830555555555552,0.9830555555555552,0.9830555555555552,0.9830555555555552,0.9830555555555552,19
2022-06-03 11:00:00+00:00,0.0,3.2,1.4,1,1,4,11,False,0.0,6,0.9861111111111108,0.9861111111111108,0.9861111111111108,0.9861111111111108,0.9861111111111108,0.9861111111111108,0.9861111111111108,0.9861111111111108,0.3494444444444445,0.3636111111111111,0.9861111111111108,0.9861111111111108,0.9861111111111108,0.9861111111111108,0.9861111111111108,0.9861111111111108,0.9861111111111108,0.9861111111111108,16
2022-06-03 12:00:00+00:00,0.0,4.7,1.3,1,1,4,12,False,1.0,6,0.9669444444444442,0.9669444444444442,0.9013888888888888,0.9011111111111108,0.9669444444444442,0.9669444444444442,0.9669444444444442,0.9669444444444442,0.3597222222222222,0.3816666666666667,0.9669444444444442,0.9669444444444442,0.9669444444444442,0.9669444444444442,0.9669444444444442,0.9669444444444442,0.9669444444444442,0.9669444444444442,16
2022-06-03 13:00:00+00:00,0.0,7.0,1.1,1,0,4,13,False,1.0,6,0.9930555555555556,0.9930555555555556,0.7797222222222221,0.7652777777777776,0.9930555555555556,0.9930555555555556,0.9930555555555556,0.9930555555555556,0.2563888888888889,0.2988888888888889,0.9930555555555556,0.9930555555555556,0.9930555555555556,0.9930555555555556,0.9930555555555556,0.9930555555555556,0.9930555555555556,0.9930555555555556,19
2022-06-03 14:00:00+00:00,0.0,6.9,2.6,1,0,4,14,False,0.0,6,0.9875000000000004,0.9875000000000004,0.6658333333333333,0.6808333333333333,0.9875000000000004,0.9875000000000004,0.9875000000000004,0.9875000000000004,0.0,0.0,0.9875000000000004,0.9875000000000004,0.9875000000000004,0.9875000000000004,0.9875000000000004,0.9875000000000004,0.9875000000000004,0.9875000000000004,24
2022-06-03 15:00:00+00:00,0.0,8.1,2.2,1,3,4,15,False,0.0,6,0.9930555555555556,0.9930555555555556,0.0,0.0,0.9930555555555556,0.9930555555555556,0.9930555555555556,0.9930555555555556,0.0,0.0,0.9930555555555556,0.9930555555555556,0.9930555555555556,0.9930555555555556,0.9930555555555556,0.9930555555555556,0.9930555555555556,0.9930555555555556,26
2022-06-03 16:00:00+00:00,0.0,8.0,3.2,5,1,4,16,False,3.0,6,0.9875000000000002,0.9875000000000002,0.9655555555555556,0.9805555555555556,0.9875000000000002,0.9875000000000002,0.7383333333333334,0.7155555555555556,0.6447222222222224,0.6677777777777779,0.9875000000000002,0.9875000000000002,0.9875000000000002,0.9875000000000002,0.9875000000000002,0.9875000000000002,0.9875000000000002,0.9875000000000002,26
2022-06-03 17:00:00+00:00,0.0,7.2,2.0,5,0,4,17,False,1.0,6,0.9855555555555556,0.9855555555555556,0.5686111111111111,0.5041666666666667,0.9855555555555556,0.9855555555555556,0.0,0.0,0.9855555555555556,0.9855555555555556,0.9855555555555556,0.9855555555555556,0.9855555555555556,0.9855555555555556,0.9855555555555556,0.9855555555555556,0.9855555555555556,0.9855555555555556,26
2022-06-03 18:00:00+00:00,0.0,5.7,0.3,5,0,4,18,False,0.0,6,0.9858333333333332,0.9858333333333332,0.7780555555555555,0.7702777777777776,0.9858333333333332,0.9858333333333332,0.0,0.0,0.9858333333333332,0.9858333333333332,0.9858333333333332,0.9858333333333332,0.9858333333333332,0.9858333333333332,0.9858333333333332,0.9858333333333332,0.9858333333333332,0.9858333333333332,25
2022-06-03 19:00:00+00:00,0.0,4.8,2.3,7,2,4,19,False,0.0,6,0.9847222222222218,0.9847222222222218,0.0,0.0,0.9847222222222218,0.9847222222222218,0.9144444444444442,0.9541666666666664,0.9847222222222218,0.9847222222222218,0.9847222222222218,0.9847222222222218,0.9847222222222218,0.9847222222222218,0.9847222222222218,0.9847222222222218,0.9847222222222218,0.9847222222222218,25
2022-06-03 20:00:00+00:00,0.0,4.2,2.7,7,0,4,20,False,2.0,6,0.9866666666666664,0.9866666666666664,0.0686111111111111,0.0677777777777777,0.9866666666666664,0.9866666666666664,0.9866666666666664,0.9866666666666664,0.9866666666666664,0.9866666666666664,0.9866666666666664,0.9866666666666664,0.9866666666666664,0.9866666666666664,0.9866666666666664,0.9866666666666664,0.9866666666666664,0.9866666666666664,25
2022-06-03 21:00:00+00:00,0.0,1.9,1.3,7,0,4,21,False,0.0,6,0.9991666666666668,0.9991666666666668,0.0799999999999999,0.1033333333333333,0.9991666666666668,0.9991666666666668,0.9991666666666668,0.9991666666666668,0.9991666666666668,0.9991666666666668,0.9991666666666668,0.9991666666666668,0.9991666666666668,0.9991666666666668,0.9991666666666668,0.9991666666666668,0.9991666666666668,0.9991666666666668,25
2022-06-03 22:00:00+00:00,0.0,1.0,1.4,3,0,4,22,False,0.0,6,0.9841666666666667,0.9841666666666667,0.9841666666666667,0.9841666666666667,0.9841666666666667,0.9841666666666667,0.9841666666666667,0.9841666666666667,0.9841666666666667,0.9841666666666667,0.9841666666666667,0.9841666666666667,0.9841666666666667,0.9841666666666667,0.9841666666666667,0.9841666666666667,0.9841666666666667,0.9841666666666667,24
2022-06-03 23:00:00+00:00,0.0,0.5,1.8,3,0,4,23,False,0.0,6,0.985,0.985,0.985,0.985,0.985,0.985,0.985,0.985,0.985,0.985,0.985,0.985,0.985,0.985,0.985,0.985,0.985,0.985,24
2022-06-04 00:00:00+00:00,0.0,-2.3,1.0,0,0,5,0,False,0.0,6,0.9844444444444442,0.9844444444444442,0.9844444444444442,0.9844444444444442,0.9844444444444442,0.9844444444444442,0.9844444444444442,0.9844444444444442,0.9844444444444442,0.9844444444444442,0.9844444444444442,0.9844444444444442,0.9844444444444442,0.9844444444444442,0.9844444444444442,0.9844444444444442,0.9844444444444442,0.9844444444444442,24
2022-06-04 01:00:00+00:00,0.0,-2.8,0.9,0,0,5,1,False,0.0,6,0.9922222222222224,0.9922222222222224,0.9922222222222224,0.9922222222222224,0.9922222222222224,0.9922222222222224,0.9922222222222224,0.9922222222222224,0.9922222222222224,0.9922222222222224,0.9922222222222224,0.9922222222222224,0.9922222222222224,0.9922222222222224,0.9922222222222224,0.9922222222222224,0.9922222222222224,0.9922222222222224,24
2022-06-04 02:00:00+00:00,0.0,-1.7,1.0,0,0,5,2,False,0.0,6,0.9916666666666664,0.9916666666666664,0.9916666666666664,0.9916666666666664,0.9916666666666664,0.9916666666666664,0.9916666666666664,0.9916666666666664,0.9916666666666664,0.9916666666666664,0.9916666666666664,0.9916666666666664,0.9916666666666664,0.9916666666666664,0.9916666666666664,0.9916666666666664,0.9916666666666664,0.9916666666666664,24
2022-06-04 03:00:00+00:00,0.0,-2.1,2.2,0,0,5,3,False,0.0,6,0.9858333333333332,0.9858333333333332,0.9858333333333332,0.9858333333333332,0.9858333333333332,0.9858333333333332,0.9858333333333332,0.9858333333333332,0.9858333333333332,0.9858333333333332,0.9858333333333332,0.9858333333333332,0.9858333333333332,0.9858333333333332,0.9858333333333332,0.9858333333333332,0.9858333333333332,0.9858333333333332,24
2022-06-04 04:00:00+00:00,0.0,-3.8,0.8,0,0,5,4,False,0.0,6,0.9813888888888888,0.9813888888888888,0.9813888888888888,0.9813888888888888,0.9813888888888888,0.9813888888888888,0.9813888888888888,0.9813888888888888,0.9813888888888888,0.9813888888888888,0.9813888888888888,0.9813888888888888,0.9813888888888888,0.9813888888888888,0.9813888888888888,0.9813888888888888,0.9813888888888888,0.9813888888888888,24
2022-06-04 05:00:00+00:00,0.0,-4.5,1.3,0,0,5,5,False,0.0,6,0.975277777777778,0.975277777777778,0.975277777777778,0.975277777777778,0.975277777777778,0.975277777777778,0.975277777777778,0.975277777777778,0.975277777777778,0.975277777777778,0.975277777777778,0.975277777777778,0.975277777777778,0.975277777777778,0.975277777777778,0.975277777777778,0.975277777777778,0.975277777777778,24
2022-06-04 06:00:00+00:00,0.0,-4.2,1.6,0,0,5,6,False,0.0,6,0.9833333333333332,0.9833333333333332,0.5769444444444445,0.5475,0.9833333333333332,0.9833333333333332,0.9833333333333332,0.9833333333333332,0.9833333333333332,0.9833333333333332,0.9833333333333332,0.9833333333333332,0.9833333333333332,0.9833333333333332,0.9833333333333332,0.9833333333333332,0.9833333333333332,0.9833333333333332,24
2022-06-04 07:00:00+00:00,0.0,-2.8,2.0,8,1,5,7,False,0.0,6,0.9836111111111112,0.9836111111111112,0.0,0.0,0.9836111111111112,0.9836111111111112,0.9836111111111112,0.9836111111111112,0.9836111111111112,0.9836111111111112,0.9836111111111112,0.9836111111111112,0.9836111111111112,0.9836111111111112,0.9836111111111112,0.9836111111111112,0.9836111111111112,0.9836111111111112,6
2022-06-04 08:00:00+00:00,0.0,-0.8,0.5,8,4,5,8,False,1.0,6,0.9858333333333336,0.9858333333333336,0.0,0.0,0.9858333333333336,0.9858333333333336,0.9858333333333336,0.9858333333333336,0.9858333333333336,0.9858333333333336,0.9858333333333336,0.9858333333333336,0.9858333333333336,0.9858333333333336,0.9858333333333336,0.9858333333333336,0.9858333333333336,0.9858333333333336,8
2022-06-04 09:00:00+00:00,0.0,0.4,1.3,8,4,5,9,False,4.0,6,0.9677777777777782,0.9677777777777782,0.6547222222222221,0.6619444444444443,0.9677777777777782,0.9677777777777782,0.9677777777777782,0.9677777777777782,0.9677777777777782,0.9677777777777782,0.9677777777777782,0.9677777777777782,0.9677777777777782,0.9677777777777782,0.9677777777777782,0.9677777777777782,0.9677777777777782,0.9677777777777782,8
2022-06-04 10:00:00+00:00,0.0,1.4,2.6,8,1,5,10,False,4.0,6,0.9861111111111112,0.9861111111111112,0.6016666666666667,0.5722222222222223,0.9861111111111112,0.9861111111111112,0.9861111111111112,0.9861111111111112,0.9861111111111112,0.9861111111111112,0.9861111111111112,0.9861111111111112,0.9861111111111112,0.9861111111111112,0.9861111111111112,0.9861111111111112,0.9861111111111112,0.9861111111111112,11
2022-06-04 11:00:00+00:00,0.0,2.7,1.4,8,6,5,11,False,1.0,6,0.9797222222222224,0.9797222222222224,0.0,0.0,0.9797222222222224,0.9797222222222224,0.9797222222222224,0.9797222222222224,0.9797222222222224,0.9797222222222224,0.9797222222222224,0.9797222222222224,0.9797222222222224,0.9797222222222224,0.9797222222222224,0.9797222222222224,0.9797222222222224,0.9797222222222224,9
2022-06-04 12:00:00+00:00,0.0,4.2,0.8,8,2,5,12,False,6.0,6,0.9033333333333334,0.9033333333333334,0.1494444444444444,0.1861111111111111,0.9033333333333334,0.9033333333333334,0.9033333333333334,0.9033333333333334,0.4483333333333332,0.4330555555555555,0.9033333333333334,0.9033333333333334,0.9033333333333334,0.9033333333333334,0.9033333333333334,0.9033333333333334,0.9033333333333334,0.9033333333333334,8
2022-06-04 13:00:00+00:00,0.0,4.6,1.3,8,0,5,13,False,2.0,6,0.9952777777777778,0.9952777777777778,0.0,0.0,0.9952777777777778,0.9952777777777778,0.9952777777777778,0.9952777777777778,0.9952777777777778,0.9952777777777778,0.9952777777777778,0.9952777777777778,0.9952777777777778,0.9952777777777778,0.9952777777777778,0.9952777777777778,0.9952777777777778,0.9952777777777778,13
2022-06-04 14:00:00+00:00,0.0,4.9,1.7,8,0,5,14,False,0.0,6,0.9761111111111108,0.9761111111111108,0.2872222222222222,0.2652777777777778,0.9761111111111108,0.9761111111111108,0.9761111111111108,0.9761111111111108,0.9761111111111108,0.9761111111111108,0.9761111111111108,0.9761111111111108,0.9761111111111108,0.9761111111111108,0.9761111111111108,0.9761111111111108,0.9761111111111108,0.9761111111111108,13
2022-06-04 15:00:00+00:00,0.0,5.3,0.8,8,2,5,15,False,0.0,6,0.982222222222222,0.982222222222222,0.0,0.0,0.982222222222222,0.982222222222222,0.982222222222222,0.982222222222222,0.5169444444444444,0.4533333333333333,0.982222222222222,0.982222222222222,0.982222222222222,0.982222222222222,0.982222222222222,0.982222222222222,0.1247222222222222,0.1183333333333333,13
2022-06-04 16:00:00+00:00,0.0,5.2,1.1,8,0,5,16,False,2.0,6,0.9972222222222225,0.9972222222222225,0.9400000000000002,0.9972222222222225,0.9972222222222225,0.9972222222222225,0.9972222222222225,0.9972222222222225,0.8430555555555557,0.925277777777778,0.9972222222222225,0.9972222222222225,0.9972222222222225,0.9972222222222225,0.9972222222222225,0.9972222222222225,0.9972222222222225,0.9972222222222225,21
2022-06-04 17:00:00+00:00,0.0,4.9,1.5,8,3,5,17,False,0.0,6,0.999722222222222,0.999722222222222,0.9088888888888887,0.9002777777777776,0.999722222222222,0.999722222222222,0.999722222222222,0.999722222222222,0.999722222222222,0.999722222222222,0.999722222222222,0.999722222222222,0.999722222222222,0.999722222222222,0.999722222222222,0.999722222222222,0.999722222222222,0.999722222222222,23
2022-06-04 18:00:00+00:00,0.0,4.5,1.3,8,0,5,18,False,3.0,6,0.97,0.97,0.0622222222222222,0.0386111111111111,0.97,0.97,0.97,0.97,0.97,0.97,0.97,0.97,0.97,0.97,0.97,0.97,0.97,0.97,21
2022-06-04 19:00:00+00:00,0.0,3.6,1.0,6,1,5,19,False,0.0,6,0.9894444444444443,0.9894444444444443,0.0,0.0,0.9894444444444443,0.9894444444444443,0.9894444444444443,0.9894444444444443,0.9894444444444443,0.9894444444444443,0.9894444444444443,0.9894444444444443,0.9894444444444443,0.9894444444444443,0.9894444444444443,0.9894444444444443,0.9894444444444443,0.9894444444444443,22
2022-06-04 20:00:00+00:00,0.0,1.0,2.3,6,0,5,20,False,1.0,6,0.9819444444444444,0.9819444444444444,0.2166666666666666,0.2241666666666666,0.9819444444444444,0.9819444444444444,0.9819444444444444,0.9819444444444444,0.4469444444444444,0.4241666666666666,0.9819444444444444,0.9819444444444444,0.9819444444444444,0.9819444444444444,0.9819444444444444,0.9819444444444444,0.9819444444444444,0.9819444444444444,22
2022-06-04 21:00:00+00:00,0.0,0.4,3.6,6,1,5,21,False,0.0,6,0.9908333333333332,0.9908333333333332,0.4319444444444444,0.4694444444444444,0.9908333333333332,0.9908333333333332,0.9908333333333332,0.9908333333333332,0.0,0.0,0.9908333333333332,0.9908333333333332,0.9908333333333332,0.9908333333333332,0.9908333333333332,0.9908333333333332,0.8799999999999999,0.8263888888888888,25
2022-06-04 22:00:00+00:00,0.0,0.1,3.1,5,1,5,22,False,1.0,6,0.989444444444444,0.989444444444444,0.4694444444444444,0.3947222222222222,0.989444444444444,0.989444444444444,0.989444444444444,0.989444444444444,0.52,0.5947222222222222,0.989444444444444,0.989444444444444,0.989444444444444,0.989444444444444,0.989444444444444,0.989444444444444,0.9011111111111108,0.8438888888888887,25
2022-06-04 23:00:00+00:00,0.0,0.1,4.0,5,0,5,23,False,1.0,6,0.991388888888889,0.991388888888889,0.0,0.0,0.991388888888889,0.991388888888889,0.991388888888889,0.991388888888889,0.4388888888888889,0.3955555555555555,0.991388888888889,0.991388888888889,0.991388888888889,0.991388888888889,0.991388888888889,0.991388888888889,0.0,0.0,27
2022-06-05 00:00:00+00:00,0.0,8.0,0.7,2,0,6,0,False,0.0,6,0.9833333333333332,0.9833333333333332,0.0,0.0,0.9833333333333332,0.9833333333333332,0.9833333333333332,0.9833333333333332,0.5988888888888888,0.6563888888888889,0.9833333333333332,0.9833333333333332,0.9833333333333332,0.9833333333333332,0.9833333333333332,0.9833333333333332,0.0,0.0,26
2022-06-05 01:00:00+00:00,0.0,6.3,0.8,2,0,6,1,False,0.0,6,0.952777777777778,0.952777777777778,0.0,0.0,0.952777777777778,0.952777777777778,0.952777777777778,0.952777777777778,0.952777777777778,0.952777777777778,0.952777777777778,0.952777777777778,0.952777777777778,0.952777777777778,0.952777777777778,0.952777777777778,0.0,0.0,25
2022-06-05 02:00:00+00:00,0.0,5.8,1.3,2,0,6,2,False,0.0,6,0.9824999999999996,0.9824999999999996,0.0,0.0,0.9824999999999996,0.9824999999999996,0.9824999999999996,0.9824999999999996,0.9824999999999996,0.9824999999999996,0.9824999999999996,0.9824999999999996,0.9824999999999996,0.9824999999999996,0.9824999999999996,0.9824999999999996,0.0,0.0,25
2022-06-05 03:00:00+00:00,0.0,4.8,1.6,2,1,6,3,False,0.0,6,0.9883333333333332,0.9883333333333332,0.0,0.0,0.9883333333333332,0.9883333333333332,0.9883333333333332,0.9883333333333332,0.9883333333333332,0.9883333333333332,0.9883333333333332,0.9883333333333332,0.9883333333333332,0.9883333333333332,0.9883333333333332,0.9883333333333332,0.0,0.0,25
2022-06-05 04:00:00+00:00,0.0,3.9,1.0,2,0,6,4,False,1.0,6,0.9880555555555556,0.9880555555555556,0.0,0.0,0.9880555555555556,0.9880555555555556,0.9880555555555556,0.9880555555555556,0.9880555555555556,0.9880555555555556,0.9880555555555556,0.9880555555555556,0.9880555555555556,0.9880555555555556,0.9880555555555556,0.9880555555555556,0.0,0.0,25
2022-06-05 05:00:00+00:00,0.0,4.1,1.9,2,2,6,5,False,0.0,6,0.9902777777777778,0.9902777777777778,0.0,0.0,0.9902777777777778,0.9902777777777778,0.9902777777777778,0.9902777777777778,0.5586111111111112,0.5444444444444445,0.9902777777777778,0.9902777777777778,0.9902777777777778,0.9902777777777778,0.9902777777777778,0.9902777777777778,0.0,0.0,25
2022-06-05 06:00:00+00:00,0.0,6.9,0.9,2,0,6,6,False,2.0,6,0.9858333333333336,0.9858333333333336,0.1361111111111111,0.1649999999999999,0.9858333333333336,0.9858333333333336,0.9858333333333336,0.9858333333333336,0.8019444444444443,0.8311111111111111,0.9858333333333336,0.9858333333333336,0.9858333333333336,0.9858333333333336,0.9858333333333336,0.9858333333333336,0.8019444444444443,0.8311111111111111,24
2022-06-05 07:00:00+00:00,0.0,9.8,0.9,2,0,6,7,False,0.0,6,0.964444444444444,0.964444444444444,0.964444444444444,0.964444444444444,0.964444444444444,0.964444444444444,0.964444444444444,0.964444444444444,0.964444444444444,0.964444444444444,0.964444444444444,0.964444444444444,0.964444444444444,0.964444444444444,0.964444444444444,0.964444444444444,0.964444444444444,0.964444444444444,24
2022-06-05 08:00:00+00:00,0.0,11.0,1.8,2,0,6,8,False,0.0,6,0.9838888888888888,0.9838888888888888,0.9838888888888888,0.9838888888888888,0.9838888888888888,0.9838888888888888,0.9838888888888888,0.9838888888888888,0.9838888888888888,0.9838888888888888,0.9838888888888888,0.9838888888888888,0.9838888888888888,0.9838888888888888,0.9838888888888888,0.9838888888888888,0.9838888888888888,0.9838888888888888,17
2022-06-05 09:00:00+00:00,0.0,12.5,2.5,2,0,6,9,False,0.0,6,0.9933333333333332,0.9933333333333332,0.9933333333333332,0.9933333333333332,0.9933333333333332,0.9933333333333332,0.9933333333333332,0.9933333333333332,0.9933333333333332,0.9933333333333332,0.9933333333333332,0.9933333333333332,0.9933333333333332,0.9933333333333332,0.9933333333333332,0.9933333333333332,0.9933333333333332,0.9933333333333332,17
2022-06-05 10:00:00+00:00,0.0,14.2,2.7,2,0,6,10,False,0.0,6,0.953888888888889,0.953888888888889,0.953888888888889,0.953888888888889,0.953888888888889,0.953888888888889,0.953888888888889,0.953888888888889,0.953888888888889,0.953888888888889,0.953888888888889,0.953888888888889,0.953888888888889,0.953888888888889,0.953888888888889,0.953888888888889,0.953888888888889,0.953888888888889,0
2022-06-05 11:00:00+00:00,0.0,15.4,3.9,2,0,6,11,False,0.0,6,0.9891666666666667,0.9891666666666667,0.9891666666666667,0.9891666666666667,0.9891666666666667,0.9891666666666667,0.9891666666666667,0.9891666666666667,0.9891666666666667,0.9891666666666667,0.9891666666666667,0.9891666666666667,0.9891666666666667,0.9891666666666667,0.9891666666666667,0.9891666666666667,0.9891666666666667,0.9891666666666667,1
2022-06-05 12:00:00+00:00,0.0,17.1,3.2,2,2,6,12,False,0.0,6,0.9891666666666666,0.9891666666666666,0.9891666666666666,0.9891666666666666,0.9891666666666666,0.9891666666666666,0.9891666666666666,0.9891666666666666,0.9891666666666666,0.9891666666666666,0.9891666666666666,0.9891666666666666,0.9891666666666666,0.9891666666666666,0.9891666666666666,0.9891666666666666,0.9891666666666666,0.9891666666666666,1
2022-06-05 13:00:00+00:00,0.0,17.3,4.8,6,2,6,13,False,2.0,6,0.987222222222222,0.987222222222222,0.9580555555555555,0.9652777777777778,0.987222222222222,0.987222222222222,0.987222222222222,0.987222222222222,0.987222222222222,0.987222222222222,0.987222222222222,0.987222222222222,0.987222222222222,0.987222222222222,0.987222222222222,0.987222222222222,0.987222222222222,0.987222222222222,1
2022-06-05 14:00:00+00:00,0.0,18.2,4.1,6,1,6,14,False,2.0,6,0.9905555555555556,0.9905555555555556,0.6319444444444444,0.6211111111111111,0.9905555555555556,0.9905555555555556,0.9905555555555556,0.9905555555555556,0.1752777777777777,0.1527777777777777,0.9905555555555556,0.9905555555555556,0.9905555555555556,0.9905555555555556,0.9905555555555556,0.9905555555555556,0.9905555555555556,0.9905555555555556,8
2022-06-05 15:00:00+00:00,0.0,16.9,4.5,6,0,6,15,False,1.0,6,0.9816666666666664,0.9816666666666664,0.2499999999999999,0.3227777777777778,0.9816666666666664,0.9816666666666664,0.9816666666666664,0.9816666666666664,0.5497222222222221,0.5572222222222222,0.9816666666666664,0.9816666666666664,0.9816666666666664,0.9816666666666664,0.9816666666666664,0.9816666666666664,0.9816666666666664,0.9816666666666664,6
2022-06-05 16:00:00+00:00,0.0,16.6,4.1,7,3,6,16,False,0.0,6,0.9736111111111112,0.9736111111111112,0.9736111111111112,0.9736111111111112,0.9736111111111112,0.9736111111111112,0.9736111111111112,0.9736111111111112,0.4597222222222222,0.4669444444444445,0.9736111111111112,0.9736111111111112,0.9736111111111112,0.9736111111111112,0.9736111111111112,0.9736111111111112,0.9736111111111112,0.9736111111111112,7
2022-06-05 17:00:00+00:00,0.0,16.2,4.6,7,0,6,17,False,3.0,6,0.9850000000000002,0.9850000000000002,0.9850000000000002,0.9850000000000002,0.9850000000000002,0.9850000000000002,0.9850000000000002,0.9850000000000002,0.5725,0.6027777777777779,0.9850000000000002,0.9850000000000002,0.9850000000000002,0.9850000000000002,0.9850000000000002,0.9850000000000002,0.9850000000000002,0.9850000000000002,9
2022-06-05 18:00:00+00:00,0.0,13.3,3.9,7,0,6,18,False,0.0,6,0.9638888888888888,0.9638888888888888,0.9638888888888888,0.9638888888888888,0.9638888888888888,0.9638888888888888,0.9638888888888888,0.9638888888888888,0.9638888888888888,0.9638888888888888,0.9638888888888888,0.9638888888888888,0.9638888888888888,0.9638888888888888,0.9638888888888888,0.9638888888888888,0.9638888888888888,0.9638888888888888,10
2022-06-05 19:00:00+00:00,0.0,12.8,3.5,7,0,6,19,False,0.0,6,0.99,0.99,0.99,0.9669444444444444,0.99,0.99,0.99,0.99,0.1755555555555555,0.1102777777777777,0.99,0.99,0.99,0.99,0.99,0.99,0.99,0.99,7
2022-06-05 20:00:00+00:00,0.1,12.5,1.7,7,0,6,20,False,0.0,6,0.9969444444444444,0.9969444444444444,0.7916666666666666,0.8063888888888888,0.9969444444444444,0.9969444444444444,0.9969444444444444,0.9969444444444444,0.5163888888888889,0.5375,0.9969444444444444,0.9969444444444444,0.9969444444444444,0.9969444444444444,0.9969444444444444,0.9969444444444444,0.9969444444444444,0.9969444444444444,8
2022-06-05 21:00:00+00:00,0.3,12.0,2.0,7,0,6,21,False,0.0,6,0.9944444444444442,0.9944444444444442,0.9944444444444442,0.9944444444444442,0.9944444444444442,0.9944444444444442,0.9944444444444442,0.9944444444444442,0.7030555555555555,0.7322222222222221,0.9944444444444442,0.9944444444444442,0.9944444444444442,0.9944444444444442,0.9944444444444442,0.9944444444444442,0.9944444444444442,0.9944444444444442,8
2022-06-05 22:00:00+00:00,0.1,11.8,2.4,7,0,6,22,False,0.0,6,0.9836111111111112,0.9836111111111112,0.9836111111111112,0.9836111111111112,0.9836111111111112,0.9836111111111112,0.9836111111111112,0.9836111111111112,0.9836111111111112,0.9836111111111112,0.9836111111111112,0.9836111111111112,0.9836111111111112,0.9836111111111112,0.9836111111111112,0.9836111111111112,0.9836111111111112,0.9836111111111112,10
2022-06-05 23:00:00+00:00,0.3,11.2,2.2,7,0,6,23,False,0.0,6,0.9933333333333332,0.9933333333333332,0.9933333333333332,0.9933333333333332,0.9933333333333332,0.9933333333333332,0.9933333333333332,0.9933333333333332,0.9933333333333332,0.9933333333333332,0.9933333333333332,0.9933333333333332,0.9933333333333332,0.9933333333333332,0.9933333333333332,0.9933333333333332,0.9933333333333332,0.9933333333333332,10
2022-06-06 00:00:00+00:00,0.0,11.5,0.7,3,0,0,0,False,0.0,6,0.9694444444444446,0.9694444444444446,0.9694444444444446,0.9694444444444446,0.9694444444444446,0.9694444444444446,0.9694444444444446,0.9694444444444446,0.6386111111111112,0.5969444444444445,0.9694444444444446,0.9694444444444446,0.9694444444444446,0.9694444444444446,0.9694444444444446,0.9694444444444446,0.9694444444444446,0.9694444444444446,10
2022-06-06 01:00:00+00:00,0.0,11.3,2.3,3,0,0,1,False,0.0,6,0.9838888888888886,0.9838888888888886,0.9838888888888886,0.9838888888888886,0.9838888888888886,0.9838888888888886,0.9838888888888886,0.9838888888888886,0.9838888888888886,0.9838888888888886,0.9838888888888886,0.9838888888888886,0.9838888888888886,0.9838888888888886,0.9838888888888886,0.9838888888888886,0.9838888888888886,0.9838888888888886,10
2022-06-06 02:00:00+00:00,0.0,11.4,1.5,3,0,0,2,False,0.0,6,0.9833333333333334,0.9833333333333334,0.9833333333333334,0.9833333333333334,0.9833333333333334,0.9833333333333334,0.9833333333333334,0.9833333333333334,0.9833333333333334,0.9833333333333334,0.9833333333333334,0.9833333333333334,0.9833333333333334,0.9833333333333334,0.9833333333333334,0.9833333333333334,0.9833333333333334,0.9833333333333334,10
2022-06-06 03:00:00+00:00,0.0,12.5,3.5,3,0,0,3,False,0.0,6,0.9833333333333332,0.9833333333333332,0.9833333333333332,0.9833333333333332,0.9833333333333332,0.9833333333333332,0.9833333333333332,0.9833333333333332,0.9833333333333332,0.9833333333333332,0.9833333333333332,0.9833333333333332,0.9833333333333332,0.9833333333333332,0.9833333333333332,0.9833333333333332,0.9833333333333332,0.9833333333333332,10
2022-06-06 04:00:00+00:00,0.0,12.2,3.3,3,0,0,4,False,0.0,6,0.9855555555555552,0.9855555555555552,0.9855555555555552,0.9855555555555552,0.9855555555555552,0.9855555555555552,0.9855555555555552,0.9855555555555552,0.9855555555555552,0.9855555555555552,0.9855555555555552,0.9855555555555552,0.9855555555555552,0.9855555555555552,0.9855555555555552,0.9855555555555552,0.9855555555555552,0.9855555555555552,10
2022-06-06 05:00:00+00:00,0.0,13.9,1.5,3,0,0,5,False,0.0,6,0.9738888888888888,0.9738888888888888,0.9738888888888888,0.9738888888888888,0.9738888888888888,0.9738888888888888,0.9738888888888888,0.9738888888888888,0.9738888888888888,0.9738888888888888,0.9738888888888888,0.9738888888888888,0.9738888888888888,0.9738888888888888,0.9738888888888888,0.9738888888888888,0.9738888888888888,0.9738888888888888,10
2022-06-06 06:00:00+00:00,0.0,15.3,2.2,3,0,0,6,False,0.0,6,0.9913888888888888,0.9913888888888888,0.9913888888888888,0.9913888888888888,0.9913888888888888,0.9913888888888888,0.9913888888888888,0.9913888888888888,0.9197222222222222,0.8983333333333333,0.9913888888888888,0.9913888888888888,0.9913888888888888,0.9913888888888888,0.9913888888888888,0.9913888888888888,0.9913888888888888,0.9913888888888888,10
2022-06-06 07:00:00+00:00,0.0,16.6,1.8,2,0,0,7,False,0.0,6,0.9633333333333332,0.9633333333333332,0.9633333333333332,0.9633333333333332,0.9633333333333332,0.9633333333333332,0.9633333333333332,0.9633333333333332,0.0,0.0,0.9633333333333332,0.9633333333333332,0.9633333333333332,0.9633333333333332,0.9633333333333332,0.9633333333333332,0.9633333333333332,0.9633333333333332,10
2022-06-06 08:00:00+00:00,0.0,17.4,2.0,2,0,0,8,False,0.0,6,0.989722222222222,0.989722222222222,0.4341666666666667,0.3602777777777777,0.989722222222222,0.989722222222222,0.989722222222222,0.989722222222222,0.1791666666666666,0.2847222222222222,0.989722222222222,0.989722222222222,0.989722222222222,0.989722222222222,0.989722222222222,0.989722222222222,0.989722222222222,0.989722222222222,11
2022-06-06 09:00:00+00:00,0.0,18.2,1.9,2,3,0,9,False,0.0,6,0.982777777777778,0.982777777777778,0.648611111111111,0.793611111111111,0.982777777777778,0.982777777777778,0.982777777777778,0.982777777777778,0.5022222222222222,0.4808333333333333,0.982777777777778,0.982777777777778,0.982777777777778,0.982777777777778,0.982777777777778,0.982777777777778,0.982777777777778,0.982777777777778,11
2022-06-06 10:00:00+00:00,0.0,20.6,1.1,4,2,0,10,False,3.0,6,0.9825000000000002,0.9825000000000002,0.9825000000000002,0.9825000000000002,0.9825000000000002,0.9825000000000002,0.9825000000000002,0.9825000000000002,0.4125,0.3894444444444444,0.9825000000000002,0.9825000000000002,0.9825000000000002,0.9825000000000002,0.9825000000000002,0.9825000000000002,0.9825000000000002,0.9825000000000002,13
2022-06-06 11:00:00+00:00,0.0,21.4,1.1,4,0,0,11,False,2.0,6,0.9541666666666668,0.9541666666666668,0.9541666666666668,0.9541666666666668,0.9541666666666668,0.9541666666666668,0.9541666666666668,0.9541666666666668,0.5952777777777779,0.5475000000000001,0.9541666666666668,0.9541666666666668,0.9541666666666668,0.9541666666666668,0.9541666666666668,0.9541666666666668,0.9541666666666668,0.9541666666666668,14
2022-06-06 12:00:00+00:00,0.0,22.3,1.7,4,2,0,12,False,0.0,6,0.9894444444444443,0.9894444444444443,0.9894444444444443,0.9894444444444443,0.9894444444444443,0.9894444444444443,0.9894444444444443,0.9894444444444443,0.0383333333333333,0.0680555555555555,0.9894444444444443,0.9894444444444443,0.9894444444444443,0.9894444444444443,0.9894444444444443,0.9894444444444443,0.9894444444444443,0.9894444444444443,12
2022-06-06 13:00:00+00:00,0.0,23.7,3.1,5,1,0,13,False,2.0,6,0.9749999999999998,0.9749999999999998,0.9749999999999998,0.9749999999999998,0.9749999999999998,0.9749999999999998,0.9749999999999998,0.9749999999999998,0.4008333333333334,0.3788888888888889,0.9749999999999998,0.9749999999999998,0.9749999999999998,0.9749999999999998,0.9749999999999998,0.9749999999999998,0.9749999999999998,0.9749999999999998,12
2022-06-06 14:00:00+00:00,0.0,24.0,3.2,5,3,0,14,False,1.0,6,0.985,0.985,0.1033333333333333,0.0813888888888888,0.985,0.985,0.985,0.985,0.0941666666666666,0.0983333333333333,0.985,0.985,0.985,0.985,0.985,0.985,0.985,0.985,12
2022-06-06 15:00:00+00:00,0.0,24.5,3.8,5,2,0,15,False,3.0,6,0.9663888888888889,0.9663888888888889,0.5474999999999999,0.5566666666666665,0.9663888888888889,0.9663888888888889,0.9663888888888889,0.9663888888888889,0.0830555555555555,0.0916666666666666,0.9663888888888889,0.9663888888888889,0.9663888888888889,0.9663888888888889,0.9663888888888889,0.9663888888888889,0.9663888888888889,0.9663888888888889,15
2022-06-06 16:00:00+00:00,0.0,24.6,2.4,2,0,0,16,False,2.0,6,0.9827777777777778,0.9827777777777778,0.9827777777777778,0.9827777777777778,0.9827777777777778,0.9827777777777778,0.9827777777777778,0.9827777777777778,0.7136111111111112,0.7905555555555555,0.9827777777777778,0.9827777777777778,0.9827777777777778,0.9827777777777778,0.9827777777777778,0.9827777777777778,0.9827777777777778,0.9827777777777778,17
2022-06-06 17:00:00+00:00,0.0,24.5,1.9,2,2,0,17,False,0.0,6,0.9894444444444442,0.9894444444444442,0.9894444444444442,0.9894444444444442,0.9894444444444442,0.9894444444444442,0.9894444444444442,0.9894444444444442,0.9894444444444442,0.9894444444444442,0.9894444444444442,0.9894444444444442,0.9894444444444442,0.9894444444444442,0.9894444444444442,0.9894444444444442,0.9894444444444442,0.9894444444444442,18
2022-06-06 18:00:00+00:00,0.0,24.2,1.7,2,3,0,18,False,2.0,6,0.9833333333333332,0.9833333333333332,0.9833333333333332,0.9833333333333332,0.9833333333333332,0.9833333333333332,0.9833333333333332,0.9833333333333332,0.9833333333333332,0.9833333333333332,0.9833333333333332,0.9833333333333332,0.9833333333333332,0.9833333333333332,0.9833333333333332,0.9833333333333332,0.9833333333333332,0.9833333333333332,21
2022-06-06 19:00:00+00:00,0.0,22.9,4.4,3,0,0,19,False,3.0,6,0.983333333333333,0.983333333333333,0.983333333333333,0.983333333333333,0.983333333333333,0.983333333333333,0.983333333333333,0.983333333333333,0.983333333333333,0.983333333333333,0.983333333333333,0.983333333333333,0.983333333333333,0.983333333333333,0.983333333333333,0.983333333333333,0.983333333333333,0.983333333333333,26
2022-06-06 20:00:00+00:00,0.0,20.6,3.4,3,0,0,20,False,0.0,6,0.9897222222222216,0.9897222222222216,0.9897222222222216,0.9897222222222216,0.9897222222222216,0.9897222222222216,0.9897222222222216,0.9897222222222216,0.9897222222222216,0.9897222222222216,0.9897222222222216,0.9897222222222216,0.9897222222222216,0.9897222222222216,0.9897222222222216,0.9897222222222216,0.9897222222222216,0.9897222222222216,25
2022-06-06 21:00:00+00:00,0.0,19.0,1.5,3,3,0,21,False,0.0,6,0.9866666666666668,0.9866666666666668,0.9866666666666668,0.9866666666666668,0.9866666666666668,0.9866666666666668,0.9866666666666668,0.9866666666666668,0.9866666666666668,0.9866666666666668,0.9866666666666668,0.9866666666666668,0.9866666666666668,0.9866666666666668,0.9866666666666668,0.9866666666666668,0.9866666666666668,0.9866666666666668,22
2022-06-06 22:00:00+00:00,0.0,17.3,1.1,4,2,0,22,False,3.0,6,0.9841666666666664,0.9841666666666664,0.9841666666666664,0.9841666666666664,0.9841666666666664,0.9841666666666664,0.9841666666666664,0.9841666666666664,0.9841666666666664,0.9841666666666664,0.9841666666666664,0.9841666666666664,0.9841666666666664,0.9841666666666664,0.9841666666666664,0.9841666666666664,0.9841666666666664,0.9841666666666664,24
2022-06-06 23:00:00+00:00,0.0,15.6,1.9,4,0,0,23,False,2.0,6,0.9899999999999998,0.9899999999999998,0.9899999999999998,0.9899999999999998,0.9899999999999998,0.9899999999999998,0.9899999999999998,0.9899999999999998,0.9899999999999998,0.9899999999999998,0.9899999999999998,0.9899999999999998,0.9899999999999998,0.9899999999999998,0.9899999999999998,0.9899999999999998,0.9899999999999998,0.9899999999999998,24
2022-06-13 00:00:00+00:00,0.0,10.3,1.1,5,0,0,0,False,0.0,6,0.9833333333333332,0.9833333333333332,0.9833333333333332,0.9833333333333332,0.9833333333333332,0.9833333333333332,0.9833333333333332,0.9833333333333332,0.9833333333333332,0.9833333333333332,0.9833333333333332,0.9833333333333332,0.9833333333333332,0.9833333333333332,0.9833333333333332,0.9833333333333332,0.9833333333333332,0.9833333333333332,1
2022-06-13 01:00:00+00:00,0.0,9.9,0.7,5,0,0,1,False,0.0,6,0.9888888888888888,0.9888888888888888,0.9888888888888888,0.9888888888888888,0.9888888888888888,0.9888888888888888,0.9888888888888888,0.9888888888888888,0.9888888888888888,0.9888888888888888,0.9888888888888888,0.9888888888888888,0.9888888888888888,0.9888888888888888,0.9888888888888888,0.9888888888888888,0.9888888888888888,0.9888888888888888,1
2022-06-13 02:00:00+00:00,0.0,9.7,1.4,5,0,0,2,False,0.0,6,0.9994444444444442,0.9994444444444442,0.9994444444444442,0.9994444444444442,0.9994444444444442,0.9994444444444442,0.9994444444444442,0.9994444444444442,0.9994444444444442,0.9994444444444442,0.9994444444444442,0.9994444444444442,0.9994444444444442,0.9994444444444442,0.9994444444444442,0.9994444444444442,0.9994444444444442,0.9994444444444442,1
2022-06-13 03:00:00+00:00,0.0,9.6,0.8,5,0,0,3,False,0.0,6,0.9777777777777774,0.9777777777777774,0.9777777777777774,0.9777777777777774,0.9777777777777774,0.9777777777777774,0.9777777777777774,0.9777777777777774,0.9777777777777774,0.9777777777777774,0.9777777777777774,0.9777777777777774,0.9777777777777774,0.9777777777777774,0.9777777777777774,0.9777777777777774,0.9777777777777774,0.9777777777777774,1
2022-06-13 04:00:00+00:00,0.0,9.0,0.7,5,0,0,4,False,0.0,6,0.9844444444444445,0.9844444444444445,0.9844444444444445,0.9844444444444445,0.9844444444444445,0.9844444444444445,0.9844444444444445,0.9844444444444445,0.9844444444444445,0.9844444444444445,0.9844444444444445,0.9844444444444445,0.9844444444444445,0.9844444444444445,0.9844444444444445,0.9844444444444445,0.9844444444444445,0.9844444444444445,1
2022-06-13 05:00:00+00:00,0.0,10.5,1.5,5,0,0,5,False,0.0,6,0.9852777777777778,0.9852777777777778,0.9852777777777778,0.9852777777777778,0.9852777777777778,0.9852777777777778,0.9852777777777778,0.9852777777777778,0.9852777777777778,0.9852777777777778,0.9852777777777778,0.9852777777777778,0.9852777777777778,0.9852777777777778,0.9852777777777778,0.9852777777777778,0.9852777777777778,0.9852777777777778,1
2022-06-13 06:00:00+00:00,0.0,12.9,1.8,5,1,0,6,False,0.0,6,0.9852777777777776,0.9852777777777776,0.9713888888888887,0.9055555555555556,0.9852777777777776,0.9852777777777776,0.9852777777777776,0.9852777777777776,0.7188888888888889,0.7188888888888889,0.9852777777777776,0.9852777777777776,0.9852777777777776,0.9852777777777776,0.9852777777777776,0.9852777777777776,0.9852777777777776,0.9852777777777776,1
2022-06-13 07:00:00+00:00,0.0,14.8,3.6,2,1,0,7,False,1.0,6,0.9847222222222222,0.9847222222222222,0.6,0.5816666666666667,0.9847222222222222,0.9847222222222222,0.9847222222222222,0.9847222222222222,0.9847222222222222,0.9847222222222222,0.9847222222222222,0.9847222222222222,0.9847222222222222,0.9847222222222222,0.9847222222222222,0.9847222222222222,0.9847222222222222,0.9847222222222222,3
2022-06-13 08:00:00+00:00,0.0,16.0,3.3,2,0,0,8,False,1.0,6,0.9933333333333332,0.9933333333333332,0.2058333333333333,0.2213888888888889,0.9933333333333332,0.9933333333333332,0.9933333333333332,0.9933333333333332,0.9102777777777776,0.88,0.9933333333333332,0.9933333333333332,0.9933333333333332,0.9933333333333332,0.9933333333333332,0.9933333333333332,0.9102777777777776,0.88,5
2022-06-13 09:00:00+00:00,0.0,17.5,3.1,2,0,0,9,False,0.0,6,0.9544444444444444,0.9544444444444444,0.4577777777777778,0.3969444444444444,0.9544444444444444,0.9544444444444444,0.9544444444444444,0.9544444444444444,0.0,0.0,0.9544444444444444,0.9544444444444444,0.9544444444444444,0.9544444444444444,0.9544444444444444,0.9544444444444444,0.27,0.3466666666666666,14
2022-06-13 10:00:00+00:00,0.0,18.3,3.2,2,1,0,10,False,0.0,6,0.9188888888888888,0.9044444444444444,0.4588888888888889,0.4141666666666666,0.9788888888888888,0.9788888888888888,0.9788888888888888,0.9788888888888888,0.3491666666666667,0.3641666666666666,0.9788888888888888,0.9788888888888888,0.9788888888888888,0.9788888888888888,0.9788888888888888,0.9788888888888888,0.3777777777777777,0.3791666666666666,20
2022-06-13 11:00:00+00:00,0.0,18.0,2.6,2,2,0,11,False,1.0,6,0.2419444444444444,0.3147222222222222,0.9816666666666666,0.9816666666666666,0.9816666666666666,0.9816666666666666,0.9816666666666666,0.9816666666666666,0.9816666666666666,0.9816666666666666,0.5661111111111111,0.5194444444444445,0.9816666666666666,0.9816666666666666,0.9816666666666666,0.9816666666666666,0.9816666666666666,0.9816666666666666,21
2022-06-13 12:00:00+00:00,0.0,18.7,4.2,2,0,0,12,False,2.0,6,0.9191666666666668,0.9647222222222224,0.9680555555555556,0.9680555555555556,0.9680555555555556,0.9680555555555556,0.9680555555555556,0.9680555555555556,0.5036111111111111,0.4663888888888889,0.0,0.0,0.9680555555555556,0.9680555555555556,0.9680555555555556,0.9680555555555556,0.5186111111111111,0.5036111111111111,22
2022-06-13 13:00:00+00:00,0.0,18.5,3.2,6,0,0,13,False,0.0,6,0.9863888888888888,0.9863888888888888,0.7366666666666666,0.7138888888888888,0.9863888888888888,0.9863888888888888,0.9863888888888888,0.9863888888888888,0.1733333333333333,0.2038888888888889,0.0,0.0,0.9863888888888888,0.9863888888888888,0.9863888888888888,0.9863888888888888,0.0,0.0,21
2022-06-13 14:00:00+00:00,0.1,19.5,4.0,6,3,0,14,False,0.0,6,0.9819444444444444,0.9819444444444444,0.0833333333333333,0.0833333333333333,0.9819444444444444,0.9819444444444444,0.9819444444444444,0.9819444444444444,0.3986111111111112,0.3830555555555556,0.7652777777777777,0.7958333333333334,0.653611111111111,0.6383333333333333,0.9819444444444444,0.9819444444444444,0.0,0.0,26
2022-06-13 15:00:00+00:00,0.0,17.5,4.4,6,3,0,15,False,3.0,6,0.3347222222222222,0.2830555555555556,0.1883333333333333,0.2683333333333333,0.9994444444444444,0.9994444444444444,0.9994444444444444,0.9994444444444444,0.4933333333333334,0.4847222222222223,0.9994444444444444,0.9994444444444444,0.2958333333333334,0.3113888888888889,0.9994444444444444,0.9994444444444444,0.9330555555555556,0.9655555555555556,27
2022-06-13 16:00:00+00:00,0.2,16.3,1.9,6,0,0,16,False,3.0,6,0.7397222222222223,0.7613888888888889,0.9944444444444444,0.9944444444444444,0.6777777777777778,0.6563888888888889,0.9944444444444444,0.9944444444444444,0.7527777777777778,0.7619444444444444,0.9944444444444444,0.9944444444444444,0.9944444444444444,0.9944444444444444,0.9944444444444444,0.9944444444444444,0.9944444444444444,0.9944444444444444,9
2022-06-13 17:00:00+00:00,0.0,18.1,2.5,6,1,0,17,False,0.0,6,0.9855555555555556,0.9855555555555556,0.9855555555555556,0.9855555555555556,0.9855555555555556,0.9855555555555556,0.9855555555555556,0.9855555555555556,0.9855555555555556,0.9855555555555556,0.9855555555555556,0.9855555555555556,0.9855555555555556,0.9855555555555556,0.9855555555555556,0.9855555555555556,0.9855555555555556,0.9855555555555556,9
2022-06-13 18:00:00+00:00,0.0,17.7,1.7,6,1,0,18,False,1.0,6,0.9863888888888892,0.9863888888888892,0.9863888888888892,0.9863888888888892,0.9863888888888892,0.9863888888888892,0.9863888888888892,0.9863888888888892,0.9863888888888892,0.9863888888888892,0.9863888888888892,0.9863888888888892,0.9863888888888892,0.9863888888888892,0.9863888888888892,0.9863888888888892,0.9863888888888892,0.9863888888888892,9
2022-06-13 19:00:00+00:00,0.2,13.8,2.9,7,2,0,19,False,1.0,6,0.9686111111111112,0.9686111111111112,0.9686111111111112,0.9686111111111112,0.9686111111111112,0.9686111111111112,0.9686111111111112,0.9686111111111112,0.9686111111111112,0.9686111111111112,0.9686111111111112,0.9686111111111112,0.9686111111111112,0.9686111111111112,0.9686111111111112,0.9686111111111112,0.9686111111111112,0.9686111111111112,9
2022-06-13 20:00:00+00:00,0.6,13.3,1.5,7,2,0,20,False,2.0,6,0.972222222222222,0.972222222222222,0.972222222222222,0.972222222222222,0.972222222222222,0.972222222222222,0.972222222222222,0.972222222222222,0.972222222222222,0.972222222222222,0.972222222222222,0.972222222222222,0.972222222222222,0.972222222222222,0.972222222222222,0.972222222222222,0.972222222222222,0.972222222222222,10
2022-06-13 21:00:00+00:00,0.0,12.9,1.2,7,1,0,21,False,2.0,6,0.98,0.98,0.98,0.98,0.98,0.98,0.98,0.98,0.98,0.98,0.98,0.98,0.98,0.98,0.98,0.98,0.98,0.98,10
2022-06-13 22:00:00+00:00,0.0,11.5,0.6,3,0,0,22,False,1.0,6,0.9875,0.9875,0.9875,0.9875,0.9875,0.9875,0.9875,0.9875,0.9875,0.9875,0.9875,0.9875,0.9875,0.9875,0.9875,0.9875,0.9875,0.9875,7
2022-06-13 23:00:00+00:00,0.0,10.5,1.6,3,0,0,23,False,0.0,6,0.9858333333333332,0.9858333333333332,0.9858333333333332,0.9858333333333332,0.9858333333333332,0.9858333333333332,0.9858333333333332,0.9858333333333332,0.9858333333333332,0.9858333333333332,0.9858333333333332,0.9858333333333332,0.9858333333333332,0.9858333333333332,0.9858333333333332,0.9858333333333332,0.9858333333333332,0.9858333333333332,6
2022-06-14 00:00:00+00:00,0.0,10.3,1.7,3,0,1,0,False,0.0,6,0.9869444444444444,0.9869444444444444,0.9869444444444444,0.9869444444444444,0.9869444444444444,0.9869444444444444,0.9869444444444444,0.9869444444444444,0.9869444444444444,0.9869444444444444,0.9869444444444444,0.9869444444444444,0.9869444444444444,0.9869444444444444,0.9869444444444444,0.9869444444444444,0.9869444444444444,0.9869444444444444,5
2022-06-14 01:00:00+00:00,0.0,10.0,0.9,3,0,1,1,False,0.0,6,0.9841666666666667,0.9841666666666667,0.9841666666666667,0.9841666666666667,0.9841666666666667,0.9841666666666667,0.9841666666666667,0.9841666666666667,0.9841666666666667,0.9841666666666667,0.9841666666666667,0.9841666666666667,0.9841666666666667,0.9841666666666667,0.9841666666666667,0.9841666666666667,0.9841666666666667,0.9841666666666667,5
2022-06-14 02:00:00+00:00,0.0,11.0,1.5,3,0,1,2,False,0.0,6,0.9983333333333334,0.9983333333333334,0.9983333333333334,0.9983333333333334,0.9983333333333334,0.9983333333333334,0.9983333333333334,0.9983333333333334,0.9983333333333334,0.9983333333333334,0.9983333333333334,0.9983333333333334,0.9983333333333334,0.9983333333333334,0.9983333333333334,0.9983333333333334,0.9983333333333334,0.9983333333333334,5
2022-06-14 03:00:00+00:00,0.0,9.5,1.7,3,0,1,3,False,0.0,6,0.9819444444444444,0.9819444444444444,0.9819444444444444,0.9819444444444444,0.9819444444444444,0.9819444444444444,0.9819444444444444,0.9819444444444444,0.9819444444444444,0.9819444444444444,0.9819444444444444,0.9819444444444444,0.9819444444444444,0.9819444444444444,0.9819444444444444,0.9819444444444444,0.9819444444444444,0.9819444444444444,5
2022-06-14 04:00:00+00:00,0.0,10.9,0.8,3,1,1,4,False,0.0,6,0.987222222222222,0.987222222222222,0.987222222222222,0.987222222222222,0.987222222222222,0.987222222222222,0.987222222222222,0.987222222222222,0.987222222222222,0.987222222222222,0.987222222222222,0.987222222222222,0.987222222222222,0.987222222222222,0.987222222222222,0.987222222222222,0.987222222222222,0.987222222222222,5
2022-06-14 05:00:00+00:00,0.0,13.6,1.5,3,0,1,5,False,1.0,6,0.9480555555555554,0.9480555555555554,0.9480555555555554,0.9480555555555554,0.9480555555555554,0.9480555555555554,0.9480555555555554,0.9480555555555554,0.9480555555555554,0.9480555555555554,0.9480555555555554,0.9480555555555554,0.9480555555555554,0.9480555555555554,0.9480555555555554,0.9480555555555554,0.9480555555555554,0.9480555555555554,5
2022-06-14 06:00:00+00:00,0.0,15.7,0.8,3,2,1,6,False,0.0,6,0.9850000000000002,0.9850000000000002,0.9850000000000002,0.9850000000000002,0.9850000000000002,0.9850000000000002,0.9850000000000002,0.9850000000000002,0.9850000000000002,0.9850000000000002,0.9850000000000002,0.9850000000000002,0.9850000000000002,0.9850000000000002,0.9850000000000002,0.9850000000000002,0.9850000000000002,0.9850000000000002,5
2022-06-14 07:00:00+00:00,0.0,17.3,0.6,5,3,1,7,False,2.0,6,0.983611111111111,0.983611111111111,0.7305555555555555,0.7427777777777778,0.983611111111111,0.983611111111111,0.983611111111111,0.983611111111111,0.4547222222222222,0.4313888888888889,0.983611111111111,0.983611111111111,0.983611111111111,0.983611111111111,0.983611111111111,0.983611111111111,0.983611111111111,0.983611111111111,4
2022-06-14 08:00:00+00:00,0.0,18.1,2.0,5,1,1,8,False,3.0,6,0.991388888888889,0.991388888888889,0.4097222222222222,0.3838888888888889,0.991388888888889,0.991388888888889,0.991388888888889,0.991388888888889,0.0,0.0,0.991388888888889,0.991388888888889,0.991388888888889,0.991388888888889,0.991388888888889,0.991388888888889,0.915277777777778,0.9005555555555557,8
2022-06-14 09:00:00+00:00,0.0,20.1,2.4,5,2,1,9,False,1.0,6,0.9811111111111112,0.9811111111111112,0.9580555555555555,0.9733333333333332,0.9811111111111112,0.9811111111111112,0.9811111111111112,0.9811111111111112,0.0305555555555555,0.0225,0.9811111111111112,0.9811111111111112,0.9811111111111112,0.9811111111111112,0.9811111111111112,0.9811111111111112,0.3411111111111111,0.3483333333333334,15
2022-06-14 10:00:00+00:00,0.0,20.3,2.7,3,1,1,10,False,2.0,6,0.985277777777778,0.985277777777778,0.7783333333333334,0.7636111111111111,0.985277777777778,0.985277777777778,0.985277777777778,0.985277777777778,0.933888888888889,0.9494444444444444,0.5994444444444447,0.5850000000000002,0.985277777777778,0.985277777777778,0.985277777777778,0.985277777777778,0.1113888888888889,0.0975,17
2022-06-14 11:00:00+00:00,0.0,20.9,3.8,3,0,1,11,False,1.0,6,0.3177777777777777,0.2880555555555555,0.0438888888888888,0.0288888888888888,0.7983333333333332,0.7983333333333332,0.7983333333333332,0.7983333333333332,0.2788888888888888,0.2863888888888888,0.0,0.0516666666666666,0.7983333333333332,0.7983333333333332,0.4683333333333334,0.4313888888888889,0.0,0.0,18
2022-06-14 12:00:00+00:00,0.0,21.4,3.3,3,1,1,12,False,0.0,6,0.4541666666666666,0.4686111111111111,0.0144444444444444,0.0297222222222222,0.9663888888888884,0.9663888888888884,0.9663888888888884,0.9663888888888884,0.0058333333333333,0.0,0.7183333333333333,0.6955555555555553,0.9663888888888884,0.9663888888888884,0.0,0.0,0.0730555555555555,0.1036111111111111,22
2022-06-14 13:00:00+00:00,0.0,21.6,3.3,6,4,1,13,False,1.0,6,0.1372222222222222,0.1299999999999999,0.6991666666666668,0.6775000000000001,0.2619444444444444,0.2480555555555555,0.8102777777777779,0.7886111111111112,0.0,0.0,0.9811111111111112,0.9811111111111112,0.1511111111111111,0.1361111111111111,0.0,0.0,0.0772222222222222,0.0558333333333333,24
2022-06-14 14:00:00+00:00,0.0,20.8,2.9,6,2,1,14,False,4.0,6,0.9891666666666672,0.9891666666666672,0.3577777777777778,0.3783333333333333,0.9891666666666672,0.9891666666666672,0.0,0.0,0.0147222222222222,0.0291666666666666,0.3280555555555555,0.3230555555555555,0.2672222222222222,0.2188888888888888,0.1316666666666666,0.1322222222222222,0.8744444444444446,0.8891666666666668,27
2022-06-14 15:00:00+00:00,0.0,22.3,2.3,6,3,1,15,False,2.0,6,0.9855555555555556,0.9855555555555556,0.9855555555555556,0.9855555555555556,0.9855555555555556,0.9855555555555556,0.0,0.0,0.8852777777777778,0.9005555555555556,0.2730555555555555,0.2583333333333332,0.11,0.1247222222222222,0.663611111111111,0.6780555555555555,0.8883333333333334,0.8627777777777776,27
2022-06-14 16:00:00+00:00,0.0,21.5,3.7,6,4,1,16,False,3.0,6,0.9858333333333332,0.9858333333333332,0.9858333333333332,0.9858333333333332,0.9858333333333332,0.9858333333333332,0.1794444444444444,0.2175,0.6927777777777777,0.6708333333333333,0.4716666666666667,0.478888888888889,0.9858333333333332,0.9858333333333332,0.9858333333333332,0.9858333333333332,0.9858333333333332,0.9858333333333332,25
2022-06-14 17:00:00+00:00,0.0,22.2,2.3,6,4,1,17,False,4.0,6,0.988611111111111,0.988611111111111,0.988611111111111,0.988611111111111,0.988611111111111,0.988611111111111,0.8166666666666665,0.8088888888888888,0.8808333333333332,0.9119444444444442,0.988611111111111,0.988611111111111,0.988611111111111,0.988611111111111,0.988611111111111,0.988611111111111,0.988611111111111,0.988611111111111,27
2022-06-14 18:00:00+00:00,0.0,20.3,2.3,6,0,1,18,False,4.0,6,0.9863888888888886,0.9863888888888886,0.9863888888888886,0.9863888888888886,0.9863888888888886,0.9863888888888886,0.6388888888888888,0.6158333333333332,0.9863888888888886,0.9863888888888886,0.9863888888888886,0.9863888888888886,0.9863888888888886,0.9863888888888886,0.9863888888888886,0.9863888888888886,0.9863888888888886,0.9863888888888886,24
2022-06-14 19:00:00+00:00,0.0,20.1,2.1,6,1,1,19,False,0.0,6,0.9744444444444444,0.9744444444444444,0.9744444444444444,0.9744444444444444,0.9744444444444444,0.9744444444444444,0.4036111111111111,0.4269444444444444,0.9744444444444444,0.9744444444444444,0.9744444444444444,0.9744444444444444,0.9744444444444444,0.9744444444444444,0.9744444444444444,0.9744444444444444,0.9744444444444444,0.9744444444444444,21
2022-06-14 20:00:00+00:00,0.0,19.7,2.1,6,1,1,20,False,1.0,6,0.9855555555555556,0.9855555555555556,0.9855555555555556,0.9855555555555556,0.9855555555555556,0.9855555555555556,0.9855555555555556,0.9855555555555556,0.6183333333333334,0.6472222222222223,0.9855555555555556,0.9855555555555556,0.9855555555555556,0.9855555555555556,0.9855555555555556,0.9855555555555556,0.9855555555555556,0.9855555555555556,20
2022-06-14 21:00:00+00:00,0.0,18.3,2.8,6,1,1,21,False,1.0,6,0.985,0.985,0.985,0.985,0.985,0.985,0.985,0.985,0.985,0.985,0.985,0.985,0.985,0.985,0.985,0.985,0.985,0.985,20
2022-06-14 22:00:00+00:00,0.0,17.3,0.7,6,0,1,22,False,1.0,6,0.9716666666666666,0.9716666666666666,0.9716666666666666,0.9716666666666666,0.9716666666666666,0.9716666666666666,0.9716666666666666,0.9716666666666666,0.9716666666666666,0.9716666666666666,0.9716666666666666,0.9716666666666666,0.9716666666666666,0.9716666666666666,0.9716666666666666,0.9716666666666666,0.9716666666666666,0.9716666666666666,21
2022-06-14 23:00:00+00:00,0.0,16.3,2.2,6,0,1,23,False,0.0,6,0.9866666666666664,0.9866666666666664,0.9866666666666664,0.9866666666666664,0.9866666666666664,0.9866666666666664,0.9866666666666664,0.9866666666666664,0.9866666666666664,0.9866666666666664,0.9866666666666664,0.9866666666666664,0.9866666666666664,0.9866666666666664,0.9866666666666664,0.9866666666666664,0.9866666666666664,0.9866666666666664,20
2022-06-15 00:00:00+00:00,0.0,14.8,1.1,6,0,2,0,False,0.0,6,0.9830555555555556,0.9830555555555556,0.9830555555555556,0.9830555555555556,0.9830555555555556,0.9830555555555556,0.9830555555555556,0.9830555555555556,0.9830555555555556,0.9830555555555556,0.9830555555555556,0.9830555555555556,0.9830555555555556,0.9830555555555556,0.9830555555555556,0.9830555555555556,0.9830555555555556,0.9830555555555556,22
2022-06-15 01:00:00+00:00,0.0,13.3,1.5,6,0,2,1,False,0.0,6,0.9858333333333332,0.9858333333333332,0.9858333333333332,0.9858333333333332,0.9858333333333332,0.9858333333333332,0.9858333333333332,0.9858333333333332,0.9858333333333332,0.9858333333333332,0.9858333333333332,0.9858333333333332,0.9858333333333332,0.9858333333333332,0.9858333333333332,0.9858333333333332,0.9858333333333332,0.9858333333333332,23
2022-06-15 02:00:00+00:00,0.0,12.0,0.7,6,0,2,2,False,0.0,6,0.9666666666666665,0.9666666666666665,0.9666666666666665,0.9666666666666665,0.9666666666666665,0.9666666666666665,0.9666666666666665,0.9666666666666665,0.9666666666666665,0.9666666666666665,0.9666666666666665,0.9666666666666665,0.9666666666666665,0.9666666666666665,0.9666666666666665,0.9666666666666665,0.9666666666666665,0.9666666666666665,23
2022-06-15 03:00:00+00:00,0.0,12.8,1.7,6,0,2,3,False,0.0,6,0.9858333333333336,0.9858333333333336,0.9858333333333336,0.9858333333333336,0.9858333333333336,0.9858333333333336,0.9858333333333336,0.9858333333333336,0.9858333333333336,0.9858333333333336,0.9858333333333336,0.9858333333333336,0.9858333333333336,0.9858333333333336,0.9858333333333336,0.9858333333333336,0.9858333333333336,0.9858333333333336,23
2022-06-15 04:00:00+00:00,0.0,12.0,1.1,6,0,2,4,False,0.0,6,0.9872222222222224,0.9872222222222224,0.9872222222222224,0.9872222222222224,0.9872222222222224,0.9872222222222224,0.9872222222222224,0.9872222222222224,0.9872222222222224,0.9872222222222224,0.9872222222222224,0.9872222222222224,0.9872222222222224,0.9872222222222224,0.9872222222222224,0.9872222222222224,0.9872222222222224,0.9872222222222224,23
2022-06-15 05:00:00+00:00,0.0,14.3,1.5,6,0,2,5,False,0.0,6,0.9902777777777776,0.9902777777777776,0.9902777777777776,0.9902777777777776,0.9902777777777776,0.9902777777777776,0.9902777777777776,0.9902777777777776,0.9902777777777776,0.9902777777777776,0.9902777777777776,0.9902777777777776,0.9902777777777776,0.9902777777777776,0.9902777777777776,0.9902777777777776,0.9902777777777776,0.9902777777777776,23
2022-06-15 06:00:00+00:00,0.0,15.9,2.2,6,0,2,6,False,0.0,6,0.9858333333333336,0.9858333333333336,0.9858333333333336,0.9858333333333336,0.9858333333333336,0.9858333333333336,0.9858333333333336,0.9858333333333336,0.6675,0.6388888888888888,0.9858333333333336,0.9858333333333336,0.9858333333333336,0.9858333333333336,0.9858333333333336,0.9858333333333336,0.9858333333333336,0.9858333333333336,24
2022-06-15 07:00:00+00:00,0.0,15.9,3.9,4,4,2,7,False,0.0,6,0.8894444444444444,0.8847222222222221,0.7519444444444444,0.7041666666666667,0.9791666666666664,0.9791666666666664,0.9791666666666664,0.9791666666666664,0.0,0.0,0.9791666666666664,0.9791666666666664,0.9791666666666664,0.9791666666666664,0.9791666666666664,0.9791666666666664,0.9791666666666664,0.9791666666666664,24
2022-06-15 08:00:00+00:00,0.0,16.5,2.7,4,5,2,8,False,4.0,6,0.8302777777777779,0.8327777777777778,0.1947222222222221,0.3497222222222222,0.8827777777777779,0.8508333333333334,0.9894444444444443,0.9894444444444443,0.1713888888888889,0.1466666666666666,0.9894444444444443,0.9894444444444443,0.9894444444444443,0.9894444444444443,0.9894444444444443,0.9894444444444443,0.4908333333333333,0.4449999999999999,26
2022-06-15 09:00:00+00:00,0.0,17.7,2.1,4,1,2,9,False,5.0,6,0.1730555555555555,0.2275,0.1583333333333333,0.1347222222222222,0.0,0.0113888888888888,0.6880555555555556,0.6958333333333334,0.0675,0.0841666666666666,0.285,0.2694444444444444,0.783888888888889,0.7680555555555556,0.8680555555555556,0.8680555555555556,0.0,0.0,26
2022-06-15 10:00:00+00:00,0.0,19.1,2.2,7,0,2,10,False,1.0,6,0.9808333333333332,0.9808333333333332,0.4738888888888888,0.466111111111111,0.0055555555555555,0.0,0.2830555555555555,0.275,0.0327777777777777,0.0158333333333333,0.0,0.0,0.0,0.0,0.9808333333333332,0.9808333333333332,0.0,0.0,25
2022-06-15 11:00:00+00:00,0.0,20.9,1.7,7,2,2,11,False,0.0,6,0.7530555555555555,0.7380555555555556,0.0,0.0,0.0,0.0,0.0794444444444444,0.1030555555555555,0.0,0.0,0.0,0.0,0.0,0.0,0.9824999999999998,0.9824999999999998,0.29,0.3052777777777777,24
2022-06-15 12:00:00+00:00,0.0,22.7,1.2,7,3,2,12,False,2.0,6,0.743611111111111,0.7591666666666667,0.1266666666666666,0.1033333333333333,0.4772222222222222,0.5002777777777778,0.9908333333333328,0.9908333333333328,0.515,0.485,0.5555555555555556,0.5147222222222223,0.0,0.0,0.9908333333333328,0.9908333333333328,0.0,0.0,26
2022-06-15 13:00:00+00:00,0.0,20.1,2.4,7,3,2,13,False,3.0,6,0.967222222222222,0.967222222222222,0.0958333333333333,0.1027777777777777,0.967222222222222,0.967222222222222,0.2238888888888889,0.1908333333333333,0.0,0.0,0.961111111111111,0.967222222222222,0.2469444444444444,0.2694444444444444,0.7355555555555555,0.7202777777777778,0.2316666666666666,0.2469444444444444,26
2022-06-15 14:00:00+00:00,0.0,20.0,2.9,7,4,2,14,False,3.0,6,0.9891666666666667,0.9891666666666667,0.2955555555555555,0.3216666666666667,0.9891666666666667,0.9891666666666667,0.5544444444444444,0.5477777777777777,0.2508333333333333,0.2677777777777778,0.9891666666666667,0.9891666666666667,0.9891666666666667,0.9891666666666667,0.0,0.0,0.9891666666666667,0.9891666666666667,27
2022-06-15 15:00:00+00:00,0.0,21.0,1.1,7,0,2,15,False,4.0,6,0.9405555555555556,0.9405555555555556,0.461111111111111,0.4113888888888888,0.9405555555555556,0.9405555555555556,0.0,0.0,0.1136111111111111,0.0788888888888889,0.9405555555555556,0.9405555555555556,0.9405555555555556,0.9405555555555556,0.6211111111111112,0.6594444444444445,0.5641666666666666,0.5947222222222223,25
2022-06-15 16:00:00+00:00,0.0,20.6,2.4,8,1,2,16,False,0.0,6,0.9833333333333332,0.9833333333333332,0.5525000000000001,0.5916666666666668,0.9833333333333332,0.9833333333333332,0.0,0.0,0.6036111111111112,0.645,0.9833333333333332,0.9833333333333332,0.9833333333333332,0.9833333333333332,0.3797222222222222,0.3633333333333333,0.8969444444444444,0.9211111111111112,25
2022-06-15 17:00:00+00:00,0.0,20.1,2.4,8,0,2,17,False,1.0,6,0.959722222222222,0.959722222222222,0.959722222222222,0.959722222222222,0.959722222222222,0.959722222222222,0.2199999999999999,0.2194444444444444,0.8922222222222221,0.8994444444444444,0.959722222222222,0.959722222222222,0.959722222222222,0.959722222222222,0.959722222222222,0.959722222222222,0.959722222222222,0.959722222222222,23
2022-06-15 18:00:00+00:00,0.0,19.0,2.6,8,1,2,18,False,0.0,6,0.9877777777777774,0.9877777777777774,0.2038888888888889,0.18,0.9877777777777774,0.9877777777777774,0.2808333333333333,0.3338888888888889,0.3463888888888889,0.3319444444444445,0.9877777777777774,0.9877777777777774,0.9877777777777774,0.9877777777777774,0.9877777777777774,0.9877777777777774,0.9877777777777774,0.9877777777777774,23
2022-06-15 19:00:00+00:00,0.0,18.1,2.9,7,1,2,19,False,1.0,6,0.6074999999999999,0.5697222222222221,0.11,0.1158333333333333,0.9833333333333332,0.9833333333333332,0.0,0.0,0.0311111111111111,0.0691666666666666,0.9833333333333332,0.9833333333333332,0.9833333333333332,0.9833333333333332,0.9833333333333332,0.9833333333333332,0.9833333333333332,0.9833333333333332,25
2022-06-15 20:00:00+00:00,0.0,17.1,3.1,7,1,2,20,False,1.0,6,0.9633333333333332,0.985,0.8933333333333332,0.9319444444444442,0.985,0.985,0.0,0.0,0.985,0.985,0.985,0.985,0.985,0.985,0.985,0.985,0.985,0.985,27
2022-06-15 21:00:00+00:00,0.0,16.4,2.6,7,0,2,21,False,1.0,6,0.9833333333333332,0.9833333333333332,0.9833333333333332,0.9833333333333332,0.9833333333333332,0.9833333333333332,0.0,0.0,0.9833333333333332,0.9833333333333332,0.9833333333333332,0.9833333333333332,0.9833333333333332,0.9833333333333332,0.9833333333333332,0.9833333333333332,0.9833333333333332,0.9833333333333332,27
2022-06-15 22:00:00+00:00,0.0,15.6,1.7,7,0,2,22,False,0.0,6,0.986111111111111,0.986111111111111,0.854722222222222,0.8552777777777776,0.986111111111111,0.986111111111111,0.0,0.0,0.986111111111111,0.986111111111111,0.986111111111111,0.986111111111111,0.986111111111111,0.986111111111111,0.986111111111111,0.986111111111111,0.986111111111111,0.986111111111111,26
2022-06-15 23:00:00+00:00,0.0,15.0,1.5,7,0,2,23,False,0.0,6,0.9877777777777774,0.9877777777777774,0.9877777777777774,0.9877777777777774,0.9877777777777774,0.9877777777777774,0.0,0.0,0.9877777777777774,0.9877777777777774,0.9877777777777774,0.9877777777777774,0.9877777777777774,0.9877777777777774,0.9877777777777774,0.9877777777777774,0.9877777777777774,0.9877777777777774,26
2022-06-16 00:00:00+00:00,0.0,14.6,1.6,7,0,3,0,False,0.0,6,0.9830555555555552,0.9830555555555552,0.9830555555555552,0.9830555555555552,0.9830555555555552,0.9830555555555552,0.0,0.0,0.9830555555555552,0.9830555555555552,0.9830555555555552,0.9830555555555552,0.9830555555555552,0.9830555555555552,0.9830555555555552,0.9830555555555552,0.9830555555555552,0.9830555555555552,26
2022-06-16 01:00:00+00:00,0.0,14.1,1.4,7,0,3,1,False,0.0,6,0.979444444444444,0.979444444444444,0.979444444444444,0.979444444444444,0.979444444444444,0.979444444444444,0.0,0.0,0.979444444444444,0.979444444444444,0.979444444444444,0.979444444444444,0.979444444444444,0.979444444444444,0.979444444444444,0.979444444444444,0.979444444444444,0.979444444444444,26
2022-06-16 02:00:00+00:00,0.0,13.3,1.1,7,0,3,2,False,0.0,6,0.9627777777777776,0.9627777777777776,0.9627777777777776,0.9627777777777776,0.9627777777777776,0.9627777777777776,0.0,0.0,0.9627777777777776,0.9627777777777776,0.9627777777777776,0.9627777777777776,0.9627777777777776,0.9627777777777776,0.9627777777777776,0.9627777777777776,0.9627777777777776,0.9627777777777776,26
2022-06-16 03:00:00+00:00,0.0,13.2,0.9,7,0,3,3,False,0.0,6,0.9880555555555554,0.9880555555555554,0.9880555555555554,0.9880555555555554,0.9880555555555554,0.9880555555555554,0.0,0.0,0.9880555555555554,0.9880555555555554,0.9880555555555554,0.9880555555555554,0.9880555555555554,0.9880555555555554,0.9880555555555554,0.9880555555555554,0.9880555555555554,0.9880555555555554,26
2022-06-16 04:00:00+00:00,0.0,12.9,0.6,7,0,3,4,False,0.0,6,0.9897222222222224,0.9897222222222224,0.9897222222222224,0.9897222222222224,0.9897222222222224,0.9897222222222224,0.0,0.0,0.9897222222222224,0.9897222222222224,0.9897222222222224,0.9897222222222224,0.9897222222222224,0.9897222222222224,0.9897222222222224,0.9897222222222224,0.9897222222222224,0.9897222222222224,26
2022-06-16 05:00:00+00:00,0.0,13.3,0.5,7,1,3,5,False,0.0,6,0.992222222222222,0.992222222222222,0.992222222222222,0.992222222222222,0.992222222222222,0.992222222222222,0.0,0.0,0.992222222222222,0.992222222222222,0.992222222222222,0.992222222222222,0.992222222222222,0.992222222222222,0.992222222222222,0.992222222222222,0.992222222222222,0.992222222222222,26
2022-06-16 06:00:00+00:00,0.0,14.3,1.1,7,0,3,6,False,1.0,6,0.9855555555555556,0.9855555555555556,0.9855555555555556,0.9855555555555556,0.9855555555555556,0.9855555555555556,0.0,0.0,0.8580555555555555,0.8344444444444443,0.9855555555555556,0.9855555555555556,0.9855555555555556,0.9855555555555556,0.9855555555555556,0.9855555555555556,0.9855555555555556,0.9855555555555556,27
2022-06-16 07:00:00+00:00,0.0,15.8,1.5,7,2,3,7,False,0.0,6,0.9691666666666666,0.9691666666666666,0.9691666666666666,0.9691666666666666,0.9691666666666666,0.9691666666666666,0.0,0.0,0.0,0.0,0.9691666666666666,0.9691666666666666,0.9691666666666666,0.9691666666666666,0.9691666666666666,0.9691666666666666,0.9691666666666666,0.9691666666666666,27
2022-06-16 08:00:00+00:00,0.0,18.5,0.7,7,4,3,8,False,2.0,6,0.7111111111111111,0.7105555555555555,0.9880555555555556,0.9880555555555556,0.9880555555555556,0.9880555555555556,0.0,0.0,0.0958333333333333,0.1011111111111111,0.9880555555555556,0.9880555555555556,0.9725,0.948888888888889,0.0927777777777777,0.0447222222222222,0.7494444444444445,0.7102777777777778,26
2022-06-16 09:00:00+00:00,0.0,17.0,3.0,7,3,3,9,False,4.0,6,0.2283333333333333,0.2366666666666667,0.7361111111111109,0.7369444444444443,0.6397222222222221,0.6316666666666666,0.0,0.0,0.1472222222222222,0.1544444444444444,0.2683333333333333,0.2147222222222222,0.0,0.0,0.0611111111111111,0.0491666666666666,0.0,0.0,27
2022-06-16 10:00:00+00:00,0.0,18.0,1.5,6,1,3,10,False,3.0,6,0.4808333333333334,0.5052777777777779,0.4180555555555555,0.4180555555555555,0.9708333333333335,0.9708333333333335,0.0,0.0,0.5127777777777779,0.5366666666666666,0.5527777777777778,0.5691666666666667,0.0,0.0,0.8516666666666669,0.8897222222222224,0.0,0.0,27
2022-06-16 11:00:00+00:00,0.0,18.6,1.3,6,4,3,11,False,1.0,6,0.987222222222222,0.987222222222222,0.1286111111111111,0.1194444444444444,0.987222222222222,0.987222222222222,0.8905555555555555,0.9211111111111112,0.0966666666666666,0.0661111111111111,0.7019444444444443,0.6936111111111108,0.936111111111111,0.9519444444444444,0.3744444444444443,0.3349999999999999,0.8149999999999998,0.8074999999999999,24
2022-06-16 12:00:00+00:00,0.4,18.6,2.1,6,4,3,12,False,4.0,6,0.7749999999999995,0.7674999999999995,0.3922222222222222,0.3838888888888888,0.9933333333333332,0.9933333333333332,0.5855555555555555,0.5633333333333334,0.543888888888889,0.5525000000000001,0.0338888888888888,0.0022222222222222,0.9933333333333332,0.9933333333333332,0.0,0.0,0.0,0.0,26
2022-06-16 13:00:00+00:00,0.0,18.9,1.8,5,0,3,13,False,4.0,6,0.9647222222222224,0.9647222222222224,0.0330555555555555,0.0236111111111111,0.9647222222222224,0.9647222222222224,0.9647222222222224,0.9647222222222224,0.1133333333333333,0.0988888888888888,0.0,0.0,0.0677777777777777,0.0363888888888888,0.0,0.0,0.0,0.0,26
2022-06-16 14:00:00+00:00,0.0,21.9,2.3,5,5,3,14,False,0.0,6,0.9908333333333336,0.9908333333333336,0.5747222222222222,0.6063888888888889,0.9908333333333336,0.9908333333333336,0.8719444444444446,0.8566666666666669,0.8391666666666668,0.8225000000000002,0.5650000000000001,0.6091666666666667,0.0,0.0,0.1808333333333333,0.2116666666666666,0.0,0.0,25
2022-06-16 15:00:00+00:00,0.0,22.8,2.4,5,0,3,15,False,5.0,6,0.4244444444444444,0.3941666666666666,0.9158333333333334,0.8852777777777779,0.599722222222222,0.5919444444444443,0.8872222222222224,0.9122222222222224,0.0391666666666666,0.0547222222222222,0.9788888888888888,0.9788888888888888,0.6558333333333333,0.6558333333333333,0.4155555555555555,0.4177777777777777,0.7188888888888889,0.7425,25
2022-06-16 16:00:00+00:00,0.0,21.2,4.2,4,2,3,16,False,0.0,6,0.848611111111111,0.8802777777777776,0.7677777777777777,0.792222222222222,0.5330555555555555,0.5569444444444444,0.1238888888888888,0.1011111111111111,0.6174999999999999,0.6030555555555556,0.9863888888888886,0.9863888888888886,0.9863888888888886,0.9863888888888886,0.9863888888888886,0.9702777777777776,0.9863888888888886,0.9863888888888886,26
2022-06-16 17:00:00+00:00,0.0,21.1,1.5,4,0,3,17,False,2.0,6,0.999722222222222,0.999722222222222,0.999722222222222,0.999722222222222,0.999722222222222,0.999722222222222,0.4822222222222223,0.5369444444444443,0.5516666666666664,0.5188888888888888,0.8294444444444443,0.8366666666666664,0.771111111111111,0.7488888888888887,0.1563888888888888,0.1805555555555555,0.999722222222222,0.999722222222222,23
2022-06-16 18:00:00+00:00,0.2,20.2,1.0,4,1,3,18,False,0.0,6,0.9458333333333332,0.9458333333333332,0.4597222222222222,0.3938888888888889,0.9458333333333332,0.9458333333333332,0.928611111111111,0.9291666666666668,0.6191666666666666,0.5955555555555555,0.5705555555555557,0.5786111111111113,0.8816666666666666,0.9138888888888888,0.9458333333333332,0.9458333333333332,0.9458333333333332,0.9458333333333332,12
2022-06-16 19:00:00+00:00,0.8,17.5,2.3,6,0,3,19,False,1.0,6,0.9997222222222224,0.9997222222222224,0.1483333333333333,0.1519444444444444,0.9997222222222224,0.9997222222222224,0.9997222222222224,0.9997222222222224,0.0,0.0,0.9997222222222224,0.9997222222222224,0.3427777777777777,0.318611111111111,0.9997222222222224,0.9997222222222224,0.0266666666666666,0.0188888888888888,14
2022-06-16 20:00:00+00:00,2.4,16.0,1.9,6,0,3,20,False,0.0,6,0.9786111111111108,0.9786111111111108,0.0,0.0,0.9786111111111108,0.9786111111111108,0.9786111111111108,0.9786111111111108,0.0,0.0,0.9786111111111108,0.9786111111111108,0.8069444444444442,0.8458333333333331,0.9786111111111108,0.9786111111111108,0.722222222222222,0.7455555555555554,18
2022-06-16 21:00:00+00:00,0.0,15.6,1.0,6,0,3,21,False,0.0,6,0.9855555555555554,0.9855555555555554,0.0,0.0,0.9855555555555554,0.9855555555555554,0.9855555555555554,0.9855555555555554,0.5216666666666667,0.5294444444444446,0.9855555555555554,0.9855555555555554,0.9855555555555554,0.9855555555555554,0.9855555555555554,0.9855555555555554,0.9855555555555554,0.9855555555555554,19
2022-06-16 22:00:00+00:00,0.0,14.5,2.0,5,0,3,22,False,0.0,6,0.9819444444444442,0.9819444444444442,0.1388888888888889,0.1466666666666666,0.9819444444444442,0.9819444444444442,0.2244444444444444,0.1705555555555555,0.0927777777777777,0.0622222222222222,0.9819444444444442,0.9819444444444442,0.9819444444444442,0.9819444444444442,0.9819444444444442,0.9819444444444442,0.5352777777777777,0.52,20
2022-06-16 23:00:00+00:00,0.0,13.2,1.5,5,0,3,23,False,0.0,6,0.9949999999999998,0.9949999999999998,0.0,0.0,0.9949999999999998,0.9949999999999998,0.0,0.0,0.2475,0.2469444444444444,0.9949999999999998,0.9949999999999998,0.9949999999999998,0.9949999999999998,0.9949999999999998,0.9949999999999998,0.0,0.0,20
2022-06-17 00:00:00+00:00,0.0,12.3,1.1,5,0,4,0,False,0.0,6,0.984444444444444,0.984444444444444,0.7183333333333333,0.7333333333333333,0.984444444444444,0.984444444444444,0.0,0.0,0.8005555555555554,0.8163888888888887,0.984444444444444,0.984444444444444,0.984444444444444,0.984444444444444,0.984444444444444,0.984444444444444,0.8986111111111109,0.9216666666666664,20
2022-06-17 01:00:00+00:00,0.0,11.7,1.5,5,0,4,1,False,0.0,6,0.9941666666666664,0.9941666666666664,0.9941666666666664,0.9941666666666664,0.9941666666666664,0.9941666666666664,0.0,0.0,0.9941666666666664,0.9941666666666664,0.9941666666666664,0.9941666666666664,0.9941666666666664,0.9941666666666664,0.9941666666666664,0.9941666666666664,0.9941666666666664,0.9941666666666664,20
2022-06-17 02:00:00+00:00,0.0,11.4,1.4,5,0,4,2,False,0.0,6,0.9869444444444444,0.9869444444444444,0.9869444444444444,0.9869444444444444,0.9869444444444444,0.9869444444444444,0.0,0.0,0.9869444444444444,0.9869444444444444,0.9869444444444444,0.9869444444444444,0.9869444444444444,0.9869444444444444,0.9869444444444444,0.9869444444444444,0.9869444444444444,0.9869444444444444,20
2022-06-17 03:00:00+00:00,0.0,10.7,2.0,5,0,4,3,False,0.0,6,0.9744444444444442,0.9744444444444442,0.9744444444444442,0.9744444444444442,0.9744444444444442,0.9744444444444442,0.0,0.0,0.9744444444444442,0.9744444444444442,0.9744444444444442,0.9744444444444442,0.9744444444444442,0.9744444444444442,0.9744444444444442,0.9744444444444442,0.9744444444444442,0.9744444444444442,20
2022-06-17 04:00:00+00:00,0.0,10.5,1.8,5,0,4,4,False,0.0,6,0.9836111111111112,0.9836111111111112,0.9836111111111112,0.9836111111111112,0.9836111111111112,0.9836111111111112,0.0,0.0,0.9836111111111112,0.9836111111111112,0.9836111111111112,0.9836111111111112,0.9836111111111112,0.9836111111111112,0.9836111111111112,0.9836111111111112,0.9836111111111112,0.9836111111111112,20
2022-06-17 05:00:00+00:00,0.0,12.7,0.5,5,0,4,5,False,0.0,6,0.985277777777778,0.985277777777778,0.985277777777778,0.985277777777778,0.985277777777778,0.985277777777778,0.0,0.0,0.985277777777778,0.985277777777778,0.985277777777778,0.985277777777778,0.985277777777778,0.985277777777778,0.985277777777778,0.985277777777778,0.985277777777778,0.985277777777778,20
2022-06-17 06:00:00+00:00,0.0,15.0,1.3,5,0,4,6,False,0.0,6,0.9847222222222224,0.9847222222222224,0.1022222222222222,0.0655555555555555,0.9847222222222224,0.9847222222222224,0.0,0.0,0.0436111111111111,0.015,0.9847222222222224,0.9847222222222224,0.9847222222222224,0.9847222222222224,0.9847222222222224,0.9847222222222224,0.9847222222222224,0.9847222222222224,20
2022-06-17 07:00:00+00:00,0.0,17.2,1.1,2,4,4,7,False,0.0,6,0.9805555555555556,0.9805555555555556,0.2527777777777778,0.2536111111111111,0.9805555555555556,0.9805555555555556,0.0,0.0,0.0088888888888888,0.0225,0.9805555555555556,0.9805555555555556,0.9805555555555556,0.9805555555555556,0.9805555555555556,0.9805555555555556,0.9805555555555556,0.9805555555555556,24
2022-06-17 08:00:00+00:00,0.0,18.8,1.4,2,0,4,8,False,4.0,6,0.8997222222222223,0.8694444444444446,0.2358333333333333,0.2230555555555555,0.9841666666666666,0.9841666666666666,0.0,0.0,0.0,0.0,0.9841666666666666,0.9841666666666666,0.9841666666666666,0.9841666666666666,0.853888888888889,0.8152777777777779,0.9841666666666666,0.9841666666666666,26
2022-06-17 09:00:00+00:00,0.0,19.9,1.9,2,0,4,9,False,0.0,6,0.0963888888888888,0.0958333333333333,0.0827777777777777,0.1033333333333333,0.3388888888888889,0.2794444444444444,0.0,0.0,0.0,0.0,0.0213888888888888,0.0,0.7911111111111112,0.7611111111111112,0.0,0.0,0.6944444444444444,0.6933333333333334,27
2022-06-17 10:00:00+00:00,0.0,20.6,1.7,7,2,4,10,False,0.0,6,0.6105555555555556,0.6330555555555557,0.1180555555555555,0.1175,0.0,0.0,0.0225,0.0147222222222222,0.0,0.0,0.0591666666666666,0.0655555555555555,0.0,0.0,0.1558333333333333,0.148611111111111,0.0830555555555555,0.0980555555555555,26
2022-06-17 11:00:00+00:00,0.0,21.1,2.6,7,4,4,11,False,2.0,6,0.9813888888888884,0.9813888888888884,0.4122222222222222,0.3902777777777778,0.3816666666666666,0.3969444444444444,0.1336111111111111,0.1263888888888888,0.6430555555555554,0.6438888888888888,0.2825,0.2688888888888889,0.0,0.0,0.0,0.0,0.9813888888888884,0.9813888888888884,26
2022-06-17 12:00:00+00:00,0.0,21.0,3.5,7,2,4,12,False,4.0,6,0.9880555555555556,0.9880555555555556,0.4580555555555556,0.5216666666666667,0.1091666666666666,0.0713888888888888,0.0,0.0,0.5694444444444444,0.5513888888888888,0.1225,0.1374999999999999,0.4741666666666667,0.5186111111111112,0.8080555555555555,0.8461111111111111,0.9880555555555556,0.9880555555555556,26
2022-06-17 13:00:00+00:00,0.0,21.2,2.7,8,4,4,13,False,2.0,6,0.2322222222222222,0.1922222222222222,0.0772222222222222,0.0536111111111111,0.0,0.0,0.0,0.0,0.0813888888888888,0.0672222222222222,0.2486111111111111,0.2397222222222222,0.2508333333333333,0.2141666666666666,0.1408333333333333,0.1027777777777777,0.2508333333333333,0.2141666666666666,26
2022-06-17 14:00:00+00:00,0.0,20.0,6.2,8,2,4,14,False,4.0,6,0.5055555555555556,0.4891666666666666,0.3977777777777777,0.4419444444444444,0.8102777777777778,0.8272222222222222,0.0,0.0,0.1738888888888888,0.1675,0.3013888888888889,0.3149999999999999,0.0,0.0,0.0,0.0,0.545,0.566111111111111,26
2022-06-17 15:00:00+00:00,0.0,18.7,4.3,8,1,4,15,False,2.0,6,0.9866666666666668,0.9866666666666668,0.6480555555555554,0.6088888888888887,0.9866666666666668,0.9866666666666668,0.3080555555555556,0.3155555555555556,0.0902777777777777,0.0755555555555555,0.9866666666666668,0.9866666666666668,0.2066666666666666,0.2138888888888889,0.1280555555555555,0.1580555555555555,0.3866666666666667,0.4177777777777778,24
2022-06-17 16:00:00+00:00,0.0,18.0,4.8,8,1,4,16,False,1.0,6,0.9788888888888888,0.9788888888888888,0.4908333333333334,0.4611111111111111,0.9788888888888888,0.9788888888888888,0.9788888888888888,0.9788888888888888,0.3438888888888889,0.3305555555555556,0.9788888888888888,0.9788888888888888,0.9544444444444444,0.9775,0.9788888888888888,0.9788888888888888,0.9788888888888888,0.9788888888888888,27
2022-06-17 17:00:00+00:00,0.2,17.0,4.6,8,0,4,17,False,1.0,6,0.9833333333333332,0.9833333333333332,0.2741666666666666,0.2563888888888889,0.9833333333333332,0.9833333333333332,0.9833333333333332,0.9833333333333332,0.5113888888888889,0.5405555555555557,0.9833333333333332,0.9833333333333332,0.9833333333333332,0.9833333333333332,0.9833333333333332,0.9833333333333332,0.9833333333333332,0.9833333333333332,27
2022-06-17 18:00:00+00:00,0.5,15.5,4.4,8,2,4,18,False,0.0,6,0.9811111111111112,0.9811111111111112,0.1455555555555555,0.0841666666666666,0.9811111111111112,0.9811111111111112,0.0366666666666666,0.0138888888888888,0.9355555555555556,0.8980555555555556,0.9811111111111112,0.9811111111111112,0.9811111111111112,0.9811111111111112,0.9811111111111112,0.9811111111111112,0.9811111111111112,0.9811111111111112,27
2022-06-17 19:00:00+00:00,2.8,13.7,5.7,8,1,4,19,False,2.0,6,0.9852777777777774,0.9852777777777774,0.0,0.0,0.9852777777777774,0.9852777777777774,0.0,0.0,0.0,0.0,0.9852777777777774,0.9852777777777774,0.9852777777777774,0.9852777777777774,0.9852777777777774,0.9852777777777774,0.9852777777777774,0.9852777777777774,27
2022-06-17 20:00:00+00:00,2.6,13.9,3.7,8,1,4,20,False,1.0,6,0.981111111111111,0.981111111111111,0.2463888888888888,0.2613888888888889,0.981111111111111,0.981111111111111,0.0,0.0,0.3288888888888889,0.3444444444444444,0.981111111111111,0.981111111111111,0.981111111111111,0.981111111111111,0.4894444444444445,0.4527777777777778,0.981111111111111,0.981111111111111,27
2022-06-17 21:00:00+00:00,0.3,13.9,4.0,8,1,4,21,False,1.0,6,0.9808333333333332,0.9808333333333332,0.9808333333333332,0.9808333333333332,0.9808333333333332,0.9808333333333332,0.0,0.0,0.9808333333333332,0.9808333333333332,0.9808333333333332,0.9808333333333332,0.9808333333333332,0.9808333333333332,0.0,0.0,0.9808333333333332,0.9808333333333332,26
2022-06-17 22:00:00+00:00,1.1,14.1,2.4,8,2,4,22,False,1.0,6,0.9816666666666668,0.9816666666666668,0.9816666666666668,0.9816666666666668,0.9816666666666668,0.9816666666666668,0.0,0.0,0.9816666666666668,0.9816666666666668,0.9816666666666668,0.9816666666666668,0.9816666666666668,0.9816666666666668,0.0,0.0,0.9816666666666668,0.9816666666666668,25
2022-06-17 23:00:00+00:00,0.1,14.2,3.2,8,0,4,23,False,2.0,6,0.9869444444444446,0.9869444444444446,0.9869444444444446,0.9869444444444446,0.9869444444444446,0.9869444444444446,0.0,0.0,0.9869444444444446,0.9869444444444446,0.9869444444444446,0.9869444444444446,0.9869444444444446,0.9869444444444446,0.0,0.0,0.9869444444444446,0.9869444444444446,25
2022-06-18 00:00:00+00:00,0.0,14.3,2.5,8,0,5,0,False,0.0,6,0.9783333333333332,0.9783333333333332,0.9783333333333332,0.9783333333333332,0.9783333333333332,0.9783333333333332,0.0,0.0,0.9783333333333332,0.9783333333333332,0.9783333333333332,0.9783333333333332,0.9783333333333332,0.9783333333333332,0.0,0.0,0.9783333333333332,0.9783333333333332,25
2022-06-18 01:00:00+00:00,0.0,14.2,2.0,8,0,5,1,False,0.0,6,0.964722222222222,0.964722222222222,0.964722222222222,0.964722222222222,0.964722222222222,0.964722222222222,0.0,0.0,0.964722222222222,0.964722222222222,0.964722222222222,0.964722222222222,0.964722222222222,0.964722222222222,0.0,0.0,0.964722222222222,0.964722222222222,23
2022-06-18 02:00:00+00:00,0.0,14.0,1.7,8,0,5,2,False,0.0,6,0.9827777777777776,0.9827777777777776,0.9827777777777776,0.9827777777777776,0.9827777777777776,0.9827777777777776,0.0,0.0,0.9827777777777776,0.9827777777777776,0.9827777777777776,0.9827777777777776,0.9827777777777776,0.9827777777777776,0.0,0.0,0.9827777777777776,0.9827777777777776,23
2022-06-18 03:00:00+00:00,0.0,14.0,2.3,8,0,5,3,False,0.0,6,0.9880555555555556,0.9880555555555556,0.9880555555555556,0.9880555555555556,0.9880555555555556,0.9880555555555556,0.0,0.0,0.9880555555555556,0.9880555555555556,0.9880555555555556,0.9880555555555556,0.9880555555555556,0.9880555555555556,0.0,0.0,0.9880555555555556,0.9880555555555556,23
2022-06-18 04:00:00+00:00,0.0,13.9,2.0,8,0,5,4,False,0.0,6,0.989444444444444,0.989444444444444,0.989444444444444,0.989444444444444,0.989444444444444,0.989444444444444,0.0,0.0,0.989444444444444,0.989444444444444,0.989444444444444,0.989444444444444,0.989444444444444,0.989444444444444,0.0,0.0,0.989444444444444,0.989444444444444,23
2022-06-18 05:00:00+00:00,0.0,14.0,1.9,8,0,5,5,False,0.0,6,0.9852777777777776,0.9852777777777776,0.9852777777777776,0.9852777777777776,0.9852777777777776,0.9852777777777776,0.0,0.0,0.9852777777777776,0.9852777777777776,0.9852777777777776,0.9852777777777776,0.9852777777777776,0.9852777777777776,0.0,0.0,0.9852777777777776,0.9852777777777776,23
2022-06-18 06:00:00+00:00,0.0,14.3,1.8,8,0,5,6,False,0.0,6,0.9888888888888892,0.9888888888888892,0.9888888888888892,0.9888888888888892,0.9888888888888892,0.9888888888888892,0.0,0.0,0.9888888888888892,0.9888888888888892,0.9888888888888892,0.9888888888888892,0.9888888888888892,0.9888888888888892,0.0,0.0,0.9888888888888892,0.9888888888888892,23
2022-06-18 07:00:00+00:00,0.0,14.9,1.9,6,2,5,7,False,0.0,6,0.9841666666666667,0.9841666666666667,0.3819444444444445,0.3586111111111111,0.9841666666666667,0.9841666666666667,0.0,0.0,0.9841666666666667,0.9841666666666667,0.9841666666666667,0.9841666666666667,0.9841666666666667,0.9841666666666667,0.5311111111111112,0.5530555555555556,0.9841666666666667,0.9841666666666667,23
2022-06-18 08:00:00+00:00,0.0,16.3,4.9,6,0,5,8,False,2.0,6,0.9677777777777778,0.9677777777777778,0.0,0.0,0.9677777777777778,0.9677777777777778,0.0,0.0,0.9677777777777778,0.9677777777777778,0.9677777777777778,0.9677777777777778,0.9677777777777778,0.9677777777777778,0.9677777777777778,0.9677777777777778,0.9677777777777778,0.9677777777777778,26
2022-06-18 09:00:00+00:00,0.0,16.8,6.2,6,2,5,9,False,0.0,6,0.0983333333333333,0.0688888888888888,0.0,0.0,0.9911111111111112,0.9911111111111112,0.241111111111111,0.2563888888888888,0.9911111111111112,0.9911111111111112,0.9911111111111112,0.9911111111111112,0.9911111111111112,0.9911111111111112,0.9911111111111112,0.9911111111111112,0.9911111111111112,0.9911111111111112,27
2022-06-18 10:00:00+00:00,0.0,18.0,5.1,2,2,5,10,False,2.0,6,0.2408333333333333,0.2725,0.03,0.0455555555555555,0.9866666666666664,0.9866666666666664,0.9866666666666664,0.9866666666666664,0.9866666666666664,0.9866666666666664,0.9866666666666664,0.9866666666666664,0.9866666666666664,0.9866666666666664,0.9866666666666664,0.9866666666666664,0.9866666666666664,0.9866666666666664,26
2022-06-18 11:00:00+00:00,0.0,18.7,5.7,2,2,5,11,False,2.0,6,0.985277777777778,0.985277777777778,0.1469444444444444,0.1544444444444444,0.985277777777778,0.985277777777778,0.985277777777778,0.985277777777778,0.4994444444444444,0.4766666666666666,0.985277777777778,0.985277777777778,0.985277777777778,0.985277777777778,0.985277777777778,0.985277777777778,0.985277777777778,0.985277777777778,27
2022-06-18 12:00:00+00:00,0.0,19.3,5.9,2,2,5,12,False,2.0,6,0.7530555555555556,0.7288888888888889,0.1805555555555555,0.1788888888888889,0.9611111111111112,0.9611111111111112,0.9611111111111112,0.9611111111111112,0.8955555555555555,0.9038888888888889,0.8686111111111111,0.8527777777777777,0.9611111111111112,0.9611111111111112,0.9611111111111112,0.9611111111111112,0.9611111111111112,0.9611111111111112,26
2022-06-18 13:00:00+00:00,0.1,20.1,6.5,2,1,5,13,False,2.0,6,0.3594444444444444,0.3899999999999999,0.2052777777777777,0.2213888888888888,0.3383333333333334,0.3075,0.9916666666666666,0.9916666666666666,0.6877777777777778,0.665,0.5019444444444445,0.4641666666666667,0.9916666666666666,0.9916666666666666,0.9916666666666666,0.9916666666666666,0.9916666666666666,0.9916666666666666,26
2022-06-18 14:00:00+00:00,0.0,20.7,4.6,2,1,5,14,False,1.0,6,0.3436111111111111,0.3358333333333333,0.3508333333333333,0.3269444444444445,0.3627777777777778,0.3705555555555556,0.9994444444444444,0.9994444444444444,0.2575,0.2433333333333333,0.2205555555555555,0.2283333333333333,0.9994444444444444,0.9994444444444444,0.9994444444444444,0.9994444444444444,0.9994444444444444,0.9994444444444444,26
2022-06-18 15:00:00+00:00,0.0,20.1,5.5,2,0,5,15,False,1.0,6,0.4250000000000001,0.4402777777777778,0.7855555555555553,0.7858333333333332,0.5941666666666668,0.616388888888889,0.9508333333333328,0.9508333333333328,0.515,0.4941666666666667,0.9508333333333328,0.9508333333333328,0.9508333333333328,0.9508333333333328,0.9508333333333328,0.9508333333333328,0.6627777777777776,0.6622222222222222,27
2022-06-18 16:00:00+00:00,0.0,19.8,5.1,5,5,5,16,False,0.0,6,0.9838888888888888,0.9883333333333332,0.6905555555555555,0.6541666666666666,0.922222222222222,0.9391666666666664,0.9883333333333332,0.9883333333333332,0.1047222222222222,0.1194444444444444,0.9883333333333332,0.9883333333333332,0.9883333333333332,0.9883333333333332,0.9883333333333332,0.9883333333333332,0.8077777777777775,0.8149999999999997,26
2022-06-18 17:00:00+00:00,0.0,20.2,4.9,5,0,5,17,False,5.0,6,0.9913888888888888,0.9913888888888888,0.4133333333333334,0.376111111111111,0.9913888888888888,0.9913888888888888,0.9913888888888888,0.9913888888888888,0.5352777777777777,0.5755555555555556,0.9913888888888888,0.9913888888888888,0.9913888888888888,0.9913888888888888,0.9913888888888888,0.9913888888888888,0.6955555555555555,0.6663888888888888,27
2022-06-18 18:00:00+00:00,0.0,17.7,5.7,5,0,5,18,False,0.0,6,0.9863888888888888,0.9863888888888888,0.5716666666666667,0.5869444444444445,0.9863888888888888,0.9863888888888888,0.9863888888888888,0.9863888888888888,0.2130555555555555,0.1977777777777777,0.9863888888888888,0.9863888888888888,0.9863888888888888,0.9863888888888888,0.9863888888888888,0.9863888888888888,0.0,0.0,5
2022-06-18 19:00:00+00:00,0.0,18.0,6.3,6,0,5,19,False,0.0,6,0.982222222222222,0.982222222222222,0.5802777777777778,0.5733333333333334,0.982222222222222,0.982222222222222,0.982222222222222,0.982222222222222,0.5563888888888888,0.5508333333333333,0.982222222222222,0.982222222222222,0.982222222222222,0.982222222222222,0.982222222222222,0.982222222222222,0.4308333333333333,0.4455555555555555,2
2022-06-18 20:00:00+00:00,0.0,15.9,5.2,6,1,5,20,False,0.0,6,0.9825,0.9825,0.2627777777777778,0.2844444444444444,0.9825,0.9825,0.9825,0.9825,0.1683333333333333,0.1469444444444444,0.9825,0.9825,0.9825,0.9825,0.9825,0.9825,0.6919444444444445,0.6927777777777777,3
2022-06-18 21:00:00+00:00,0.0,14.3,4.0,6,0,5,21,False,1.0,6,0.8225,0.8225,0.12,0.2361111111111111,0.8225,0.8225,0.8225,0.8225,0.0,0.0,0.8225,0.8225,0.8225,0.8225,0.8225,0.8225,0.8225,0.8225,5
2022-06-18 22:00:00+00:00,0.0,13.1,4.6,1,1,5,22,False,0.0,6,0.985833333333333,0.985833333333333,0.9366666666666664,0.929722222222222,0.985833333333333,0.985833333333333,0.985833333333333,0.985833333333333,0.1008333333333333,0.0863888888888888,0.985833333333333,0.985833333333333,0.985833333333333,0.985833333333333,0.985833333333333,0.985833333333333,0.985833333333333,0.985833333333333,6
2022-06-18 23:00:00+00:00,0.0,11.9,1.1,1,0,5,23,False,1.0,6,0.9869444444444444,0.9869444444444444,0.9869444444444444,0.9869444444444444,0.9869444444444444,0.9869444444444444,0.9869444444444444,0.9869444444444444,0.0,0.0,0.9869444444444444,0.9869444444444444,0.9869444444444444,0.9869444444444444,0.9869444444444444,0.9869444444444444,0.9869444444444444,0.9869444444444444,6
2022-06-19 00:00:00+00:00,0.0,10.2,1.7,1,0,6,0,False,0.0,6,0.9844444444444445,0.9844444444444445,0.9844444444444445,0.9844444444444445,0.9844444444444445,0.9844444444444445,0.9844444444444445,0.9844444444444445,0.0,0.0,0.9844444444444445,0.9844444444444445,0.9844444444444445,0.9844444444444445,0.9844444444444445,0.9844444444444445,0.9844444444444445,0.9844444444444445,6
2022-06-19 01:00:00+00:00,0.0,9.3,2.0,1,0,6,1,False,0.0,6,0.9888888888888888,0.9888888888888888,0.9888888888888888,0.9888888888888888,0.9888888888888888,0.9888888888888888,0.9888888888888888,0.9888888888888888,0.0,0.0,0.9888888888888888,0.9888888888888888,0.9888888888888888,0.9888888888888888,0.9888888888888888,0.9888888888888888,0.9888888888888888,0.9888888888888888,5
2022-06-19 02:00:00+00:00,0.0,8.1,2.2,1,0,6,2,False,0.0,6,0.9825,0.9825,0.9825,0.9825,0.9825,0.9825,0.9825,0.9825,0.0,0.0,0.9825,0.9825,0.9825,0.9825,0.9825,0.9825,0.9825,0.9825,5
2022-06-19 03:00:00+00:00,0.0,7.2,2.9,1,0,6,3,False,0.0,6,0.9969444444444444,0.9969444444444444,0.9969444444444444,0.9969444444444444,0.7652777777777778,0.7783333333333334,0.9969444444444444,0.9969444444444444,0.0,0.0,0.9969444444444444,0.9969444444444444,0.9969444444444444,0.9969444444444444,0.9969444444444444,0.9969444444444444,0.9969444444444444,0.9969444444444444,5
2022-06-19 04:00:00+00:00,0.0,7.0,2.4,1,0,6,4,False,0.0,6,0.9852777777777776,0.9852777777777776,0.9852777777777776,0.9852777777777776,0.9852777777777776,0.9852777777777776,0.9852777777777776,0.9852777777777776,0.0,0.0,0.9852777777777776,0.9852777777777776,0.9852777777777776,0.9852777777777776,0.9852777777777776,0.9852777777777776,0.9852777777777776,0.9852777777777776,5
2022-06-19 05:00:00+00:00,0.0,10.2,0.6,1,0,6,5,False,0.0,6,0.981111111111111,0.981111111111111,0.981111111111111,0.981111111111111,0.981111111111111,0.981111111111111,0.981111111111111,0.981111111111111,0.0,0.0,0.981111111111111,0.981111111111111,0.981111111111111,0.981111111111111,0.981111111111111,0.981111111111111,0.981111111111111,0.981111111111111,5
2022-06-19 06:00:00+00:00,0.0,11.9,0.8,1,0,6,6,False,0.0,6,0.9880555555555556,0.9880555555555556,0.9880555555555556,0.9880555555555556,0.9880555555555556,0.9880555555555556,0.9880555555555556,0.9880555555555556,0.7869444444444446,0.8086111111111111,0.9880555555555556,0.9880555555555556,0.9880555555555556,0.9880555555555556,0.9880555555555556,0.9880555555555556,0.9880555555555556,0.9880555555555556,5
2022-06-19 07:00:00+00:00,0.0,13.6,1.6,1,0,6,7,False,0.0,6,0.981944444444444,0.981944444444444,0.981944444444444,0.981944444444444,0.981944444444444,0.981944444444444,0.981944444444444,0.981944444444444,0.981944444444444,0.981944444444444,0.981944444444444,0.981944444444444,0.981944444444444,0.981944444444444,0.981944444444444,0.981944444444444,0.981944444444444,0.981944444444444,5
2022-06-19 08:00:00+00:00,0.0,14.8,2.2,1,4,6,8,False,0.0,6,0.9844444444444442,0.9844444444444442,0.9483333333333333,0.9333333333333332,0.9844444444444442,0.9844444444444442,0.9844444444444442,0.9844444444444442,0.9844444444444442,0.9844444444444442,0.9844444444444442,0.9844444444444442,0.9844444444444442,0.9844444444444442,0.9844444444444442,0.9844444444444442,0.9844444444444442,0.9844444444444442,5
2022-06-19 09:00:00+00:00,0.0,15.8,1.9,1,0,6,9,False,4.0,6,0.9791666666666669,0.9791666666666669,0.5108333333333333,0.5255555555555554,0.9791666666666669,0.9791666666666669,0.9791666666666669,0.9791666666666669,0.9791666666666669,0.9791666666666669,0.9791666666666669,0.9791666666666669,0.9791666666666669,0.9791666666666669,0.9791666666666669,0.9791666666666669,0.9791666666666669,0.9791666666666669,6
2022-06-19 10:00:00+00:00,0.0,16.8,3.0,4,1,6,10,False,0.0,6,0.9869444444444446,0.9869444444444446,0.9869444444444446,0.9869444444444446,0.9869444444444446,0.9869444444444446,0.9869444444444446,0.9869444444444446,0.9869444444444446,0.9869444444444446,0.9869444444444446,0.9869444444444446,0.9869444444444446,0.9869444444444446,0.9869444444444446,0.9869444444444446,0.9869444444444446,0.9869444444444446,6
2022-06-19 11:00:00+00:00,0.0,17.7,3.1,4,2,6,11,False,1.0,6,0.9527777777777778,0.9527777777777778,0.9527777777777778,0.9527777777777778,0.9527777777777778,0.9527777777777778,0.9527777777777778,0.9527777777777778,0.9527777777777778,0.9527777777777778,0.9527777777777778,0.9527777777777778,0.9527777777777778,0.9527777777777778,0.9527777777777778,0.9527777777777778,0.9527777777777778,0.9527777777777778,2
2022-06-19 12:00:00+00:00,0.0,18.1,3.4,4,0,6,12,False,2.0,6,0.9449999999999996,0.9449999999999996,0.9449999999999996,0.9449999999999996,0.9449999999999996,0.9449999999999996,0.9449999999999996,0.9449999999999996,0.9449999999999996,0.9449999999999996,0.9449999999999996,0.9449999999999996,0.9449999999999996,0.9449999999999996,0.9449999999999996,0.9449999999999996,0.9449999999999996,0.9449999999999996,2
2022-06-19 13:00:00+00:00,0.0,18.6,4.8,4,0,6,13,False,0.0,6,0.9850000000000002,0.9850000000000002,0.9850000000000002,0.9850000000000002,0.9850000000000002,0.9850000000000002,0.9850000000000002,0.9850000000000002,0.9850000000000002,0.9850000000000002,0.9850000000000002,0.9850000000000002,0.9850000000000002,0.9850000000000002,0.9850000000000002,0.9850000000000002,0.9850000000000002,0.9850000000000002,5
2022-06-19 14:00:00+00:00,0.0,18.3,3.5,4,0,6,14,False,0.0,6,0.9855555555555556,0.9855555555555556,0.9855555555555556,0.9855555555555556,0.9855555555555556,0.9855555555555556,0.9855555555555556,0.9855555555555556,0.9855555555555556,0.9855555555555556,0.9855555555555556,0.9855555555555556,0.9855555555555556,0.9855555555555556,0.9855555555555556,0.9855555555555556,0.9855555555555556,0.9855555555555556,6
2022-06-19 15:00:00+00:00,0.0,17.4,3.5,4,0,6,15,False,0.0,6,0.9841666666666667,0.9841666666666667,0.9841666666666667,0.9841666666666667,0.9841666666666667,0.9841666666666667,0.9841666666666667,0.9841666666666667,0.9841666666666667,0.9841666666666667,0.9841666666666667,0.9841666666666667,0.9841666666666667,0.9841666666666667,0.9841666666666667,0.9841666666666667,0.9841666666666667,0.9841666666666667,6
2022-06-19 16:00:00+00:00,0.0,17.5,3.3,7,2,6,16,False,0.0,6,0.9808333333333334,0.9808333333333334,0.9808333333333334,0.9808333333333334,0.9808333333333334,0.9808333333333334,0.9808333333333334,0.9808333333333334,0.9808333333333334,0.9808333333333334,0.9808333333333334,0.9808333333333334,0.9808333333333334,0.9808333333333334,0.9808333333333334,0.9808333333333334,0.9808333333333334,0.9808333333333334,6
2022-06-19 17:00:00+00:00,0.0,16.5,4.8,7,0,6,17,False,2.0,6,0.9822222222222224,0.9822222222222224,0.9822222222222224,0.9822222222222224,0.9822222222222224,0.9822222222222224,0.9822222222222224,0.9822222222222224,0.7861111111111112,0.7855555555555558,0.9822222222222224,0.9822222222222224,0.9822222222222224,0.9822222222222224,0.9822222222222224,0.9822222222222224,0.9822222222222224,0.9822222222222224,7
2022-06-19 18:00:00+00:00,0.0,15.6,3.5,7,1,6,18,False,0.0,6,0.9749999999999996,0.9749999999999996,0.9749999999999996,0.9749999999999996,0.9749999999999996,0.9749999999999996,0.9749999999999996,0.9749999999999996,0.9749999999999996,0.9749999999999996,0.9749999999999996,0.9749999999999996,0.9749999999999996,0.9749999999999996,0.9749999999999996,0.9749999999999996,0.9749999999999996,0.9749999999999996,10
2022-06-19 19:00:00+00:00,0.0,15.8,3.5,6,1,6,19,False,1.0,6,0.9977777777777777,0.9977777777777777,0.9977777777777777,0.9977777777777777,0.9977777777777777,0.9977777777777777,0.9977777777777777,0.9977777777777777,0.0333333333333333,0.0,0.9977777777777777,0.9977777777777777,0.9977777777777777,0.9977777777777777,0.9977777777777777,0.9977777777777777,0.9977777777777777,0.9977777777777777,8
2022-06-19 20:00:00+00:00,0.0,14.8,2.4,6,2,6,20,False,1.0,6,0.9855555555555556,0.9855555555555556,0.9855555555555556,0.9855555555555556,0.9855555555555556,0.9855555555555556,0.9855555555555556,0.9855555555555556,0.2022222222222222,0.2383333333333333,0.9855555555555556,0.9855555555555556,0.9855555555555556,0.9855555555555556,0.9855555555555556,0.9855555555555556,0.9855555555555556,0.9855555555555556,8
2022-06-19 21:00:00+00:00,0.0,14.4,1.6,6,0,6,21,False,2.0,6,0.9813888888888892,0.9813888888888892,0.9813888888888892,0.9813888888888892,0.9813888888888892,0.9813888888888892,0.9813888888888892,0.9813888888888892,0.9813888888888892,0.9813888888888892,0.9813888888888892,0.9813888888888892,0.9813888888888892,0.9813888888888892,0.9813888888888892,0.9813888888888892,0.9813888888888892,0.9813888888888892,7
2022-06-19 22:00:00+00:00,0.0,13.3,1.2,5,0,6,22,False,0.0,6,0.9825000000000002,0.9825000000000002,0.9825000000000002,0.9825000000000002,0.9825000000000002,0.9825000000000002,0.9825000000000002,0.9825000000000002,0.9825000000000002,0.9825000000000002,0.9825000000000002,0.9825000000000002,0.9825000000000002,0.9825000000000002,0.9825000000000002,0.9825000000000002,0.9825000000000002,0.9825000000000002,6
2022-06-19 23:00:00+00:00,0.0,12.6,0.7,5,0,6,23,False,0.0,6,0.9633333333333336,0.9633333333333336,0.9633333333333336,0.9633333333333336,0.9633333333333336,0.9633333333333336,0.9633333333333336,0.9633333333333336,0.9633333333333336,0.9633333333333336,0.9633333333333336,0.9633333333333336,0.9633333333333336,0.9633333333333336,0.9633333333333336,0.9633333333333336,0.9633333333333336,0.9633333333333336,5
2022-06-20 00:00:00+00:00,0.0,11.7,2.0,5,0,0,0,False,0.0,6,0.9874999999999996,0.9874999999999996,0.9874999999999996,0.9874999999999996,0.9874999999999996,0.9874999999999996,0.9874999999999996,0.9874999999999996,0.9874999999999996,0.9874999999999996,0.9874999999999996,0.9874999999999996,0.9874999999999996,0.9874999999999996,0.9874999999999996,0.9874999999999996,0.9874999999999996,0.9874999999999996,5
2022-06-20 01:00:00+00:00,0.0,11.2,1.8,5,0,0,1,False,0.0,6,0.9849999999999998,0.9849999999999998,0.9849999999999998,0.9849999999999998,0.9849999999999998,0.9849999999999998,0.9849999999999998,0.9849999999999998,0.9849999999999998,0.9849999999999998,0.9849999999999998,0.9849999999999998,0.9849999999999998,0.9849999999999998,0.9849999999999998,0.9849999999999998,0.9849999999999998,0.9849999999999998,5
2022-06-20 02:00:00+00:00,0.0,10.1,1.4,5,0,0,2,False,0.0,6,0.9883333333333332,0.9883333333333332,0.9883333333333332,0.9883333333333332,0.9883333333333332,0.9883333333333332,0.9883333333333332,0.9883333333333332,0.9883333333333332,0.9883333333333332,0.9883333333333332,0.9883333333333332,0.9883333333333332,0.9883333333333332,0.9883333333333332,0.9883333333333332,0.9883333333333332,0.9883333333333332,6
2022-06-20 03:00:00+00:00,0.0,9.7,1.8,5,0,0,3,False,0.0,6,0.9816666666666666,0.9816666666666666,0.9816666666666666,0.9816666666666666,0.9816666666666666,0.9816666666666666,0.9816666666666666,0.9816666666666666,0.9816666666666666,0.9816666666666666,0.9816666666666666,0.9816666666666666,0.9816666666666666,0.9816666666666666,0.9816666666666666,0.9816666666666666,0.9816666666666666,0.9816666666666666,6
2022-06-20 04:00:00+00:00,0.0,10.7,1.3,5,0,0,4,False,0.0,6,0.9858333333333332,0.9858333333333332,0.9858333333333332,0.9858333333333332,0.9858333333333332,0.9858333333333332,0.9858333333333332,0.9858333333333332,0.9858333333333332,0.9858333333333332,0.9858333333333332,0.9858333333333332,0.9858333333333332,0.9858333333333332,0.9858333333333332,0.9858333333333332,0.9858333333333332,0.9858333333333332,6
2022-06-20 05:00:00+00:00,0.0,12.8,2.8,5,0,0,5,False,0.0,6,0.946111111111111,0.946111111111111,0.946111111111111,0.946111111111111,0.946111111111111,0.946111111111111,0.946111111111111,0.946111111111111,0.946111111111111,0.946111111111111,0.946111111111111,0.946111111111111,0.946111111111111,0.946111111111111,0.946111111111111,0.946111111111111,0.946111111111111,0.946111111111111,6
2022-06-20 06:00:00+00:00,0.0,13.9,3.4,5,1,0,6,False,0.0,6,0.9866666666666666,0.9866666666666666,0.9866666666666666,0.9866666666666666,0.9866666666666666,0.9866666666666666,0.9866666666666666,0.9866666666666666,0.9377777777777776,0.9169444444444445,0.9866666666666666,0.9866666666666666,0.9866666666666666,0.9866666666666666,0.9866666666666666,0.9866666666666666,0.9866666666666666,0.9866666666666666,6
2022-06-20 07:00:00+00:00,0.0,15.0,3.6,6,0,0,7,False,1.0,6,0.9994444444444446,0.9994444444444446,0.9994444444444446,0.9994444444444446,0.9994444444444446,0.9994444444444446,0.9994444444444446,0.9994444444444446,0.0,0.0,0.9994444444444446,0.9994444444444446,0.9994444444444446,0.9994444444444446,0.9994444444444446,0.9994444444444446,0.9994444444444446,0.9994444444444446,6
2022-06-20 08:00:00+00:00,0.0,16.7,3.5,6,0,0,8,False,0.0,6,0.9730555555555556,0.9730555555555556,0.0436111111111111,0.0311111111111111,0.9730555555555556,0.9730555555555556,0.9730555555555556,0.9730555555555556,0.3055555555555555,0.3133333333333333,0.9730555555555556,0.9730555555555556,0.9730555555555556,0.9730555555555556,0.9730555555555556,0.9730555555555556,0.9730555555555556,0.9730555555555556,12
2022-06-20 09:00:00+00:00,0.0,19.0,1.2,6,1,0,9,False,0.0,6,0.9911111111111112,0.9911111111111112,0.0505555555555555,0.0722222222222222,0.9911111111111112,0.9911111111111112,0.9911111111111112,0.9911111111111112,0.2897222222222222,0.3108333333333333,0.9911111111111112,0.9911111111111112,0.9911111111111112,0.9911111111111112,0.9911111111111112,0.9911111111111112,0.0025,0.0,23
2022-06-20 10:00:00+00:00,0.0,17.7,2.5,4,0,0,10,False,1.0,6,0.8775000000000002,0.877777777777778,0.3358333333333334,0.3211111111111111,0.985277777777778,0.985277777777778,0.985277777777778,0.985277777777778,0.3655555555555556,0.3505555555555556,0.985277777777778,0.985277777777778,0.985277777777778,0.985277777777778,0.985277777777778,0.985277777777778,0.0,0.0,27
2022-06-20 11:00:00+00:00,0.0,20.5,3.3,4,1,0,11,False,0.0,6,0.773611111111111,0.7505555555555554,0.0222222222222222,0.0219444444444444,0.9838888888888886,0.9838888888888886,0.9838888888888886,0.9838888888888886,0.0,0.0,0.9838888888888886,0.9838888888888886,0.9838888888888886,0.9838888888888886,0.9838888888888886,0.9838888888888886,0.6958333333333333,0.7327777777777775,27
2022-06-20 12:00:00+00:00,0.0,20.3,1.8,4,1,0,12,False,1.0,6,0.6575,0.695,0.3447222222222221,0.3158333333333333,0.9816666666666668,0.9816666666666668,0.9816666666666668,0.9816666666666668,0.0,0.0308333333333333,0.9816666666666668,0.9816666666666668,0.9816666666666668,0.9816666666666668,0.9816666666666668,0.9816666666666668,0.3691666666666667,0.3641666666666666,26
2022-06-20 13:00:00+00:00,0.0,21.4,2.4,1,1,0,13,False,1.0,6,0.4483333333333333,0.4588888888888888,0.0,0.0,0.9850000000000004,0.9850000000000004,0.9850000000000004,0.9850000000000004,0.7713888888888891,0.7480555555555558,0.9850000000000004,0.9850000000000004,0.9850000000000004,0.9850000000000004,0.9850000000000004,0.9850000000000004,0.9850000000000004,0.9850000000000004,27
2022-06-20 14:00:00+00:00,0.0,22.2,3.8,1,2,0,14,False,1.0,6,0.8047222222222222,0.8044444444444444,0.1841666666666666,0.2130555555555555,0.982222222222222,0.982222222222222,0.982222222222222,0.982222222222222,0.3691666666666667,0.3658333333333334,0.982222222222222,0.982222222222222,0.982222222222222,0.982222222222222,0.982222222222222,0.982222222222222,0.982222222222222,0.982222222222222,27
2022-06-20 15:00:00+00:00,0.0,23.3,2.0,1,0,0,15,False,2.0,6,0.5547222222222221,0.5583333333333332,0.6805555555555555,0.7102777777777777,0.6533333333333332,0.6233333333333332,0.9813888888888884,0.9813888888888884,0.0680555555555555,0.0527777777777777,0.8524999999999997,0.8361111111111108,0.9813888888888884,0.9813888888888884,0.9813888888888884,0.9813888888888884,0.9813888888888884,0.9813888888888884,26
2022-06-20 16:00:00+00:00,0.0,22.3,2.9,1,5,0,16,False,0.0,6,0.9877777777777774,0.9877777777777774,0.9877777777777774,0.9877777777777774,0.9877777777777774,0.9877777777777774,0.9877777777777774,0.9877777777777774,0.5258333333333333,0.5383333333333333,0.3180555555555555,0.3333333333333333,0.9877777777777774,0.9877777777777774,0.9877777777777774,0.9877777777777774,0.9877777777777774,0.9877777777777774,27
2022-06-20 17:00:00+00:00,0.0,23.3,2.1,1,6,0,17,False,5.0,6,0.9875,0.9875,0.9875,0.9875,0.9875,0.9875,0.9875,0.9875,0.9641666666666666,0.9725,0.9875,0.9875,0.9875,0.9875,0.9875,0.9875,0.9875,0.9875,27
2022-06-20 18:00:00+00:00,0.0,22.4,3.7,1,1,0,18,False,6.0,6,0.9997222222222224,0.9997222222222224,0.9997222222222224,0.9997222222222224,0.9997222222222224,0.9997222222222224,0.9997222222222224,0.9997222222222224,0.9997222222222224,0.9997222222222224,0.9997222222222224,0.9997222222222224,0.9997222222222224,0.9997222222222224,0.9997222222222224,0.9997222222222224,0.9997222222222224,0.9997222222222224,27
2022-06-20 19:00:00+00:00,0.0,21.4,4.1,1,1,0,19,False,1.0,6,0.7111111111111111,0.6808333333333334,0.9825000000000002,0.9825000000000002,0.9825000000000002,0.9825000000000002,0.9825000000000002,0.9825000000000002,0.9825000000000002,0.9825000000000002,0.9825000000000002,0.9825000000000002,0.9825000000000002,0.9825000000000002,0.9825000000000002,0.9825000000000002,0.9825000000000002,0.9825000000000002,23
2022-06-20 20:00:00+00:00,0.0,19.3,4.4,1,0,0,20,False,1.0,6,0.3072222222222222,0.3447222222222222,0.9991666666666666,0.9991666666666666,0.3383333333333333,0.3372222222222222,0.9991666666666666,0.9991666666666666,0.9991666666666666,0.9991666666666666,0.9991666666666666,0.9991666666666666,0.9991666666666666,0.9991666666666666,0.9991666666666666,0.9991666666666666,0.9991666666666666,0.9991666666666666,19
2022-06-20 21:00:00+00:00,0.0,18.1,3.0,1,1,0,21,False,0.0,6,0.9888888888888888,0.9888888888888888,0.9888888888888888,0.9888888888888888,0.9888888888888888,0.9888888888888888,0.9888888888888888,0.9888888888888888,0.9888888888888888,0.9888888888888888,0.9888888888888888,0.9888888888888888,0.9888888888888888,0.9888888888888888,0.9888888888888888,0.9888888888888888,0.9888888888888888,0.9888888888888888,21
2022-06-20 22:00:00+00:00,0.0,16.1,2.2,2,0,0,22,False,1.0,6,0.991944444444444,0.991944444444444,0.991944444444444,0.991944444444444,0.991944444444444,0.991944444444444,0.991944444444444,0.991944444444444,0.991944444444444,0.991944444444444,0.991944444444444,0.991944444444444,0.991944444444444,0.991944444444444,0.991944444444444,0.991944444444444,0.991944444444444,0.991944444444444,22
2022-06-20 23:00:00+00:00,0.0,15.7,1.8,2,0,0,23,False,0.0,6,0.9858333333333336,0.9858333333333336,0.9858333333333336,0.9858333333333336,0.9858333333333336,0.9858333333333336,0.9858333333333336,0.9858333333333336,0.9858333333333336,0.9858333333333336,0.9858333333333336,0.9858333333333336,0.9858333333333336,0.9858333333333336,0.9858333333333336,0.9858333333333336,0.9858333333333336,0.9858333333333336,23
2022-06-21 00:00:00+00:00,0.0,14.5,2.0,2,0,1,0,False,0.0,6,0.9838888888888888,0.9838888888888888,0.9838888888888888,0.9838888888888888,0.9838888888888888,0.9838888888888888,0.9838888888888888,0.9838888888888888,0.9838888888888888,0.9838888888888888,0.9838888888888888,0.9838888888888888,0.9838888888888888,0.9838888888888888,0.9838888888888888,0.9838888888888888,0.9838888888888888,0.9838888888888888,26
2022-06-21 01:00:00+00:00,0.0,12.2,0.4,2,0,1,1,False,0.0,6,0.9802777777777772,0.9802777777777772,0.9802777777777772,0.9802777777777772,0.9802777777777772,0.9802777777777772,0.9802777777777772,0.9802777777777772,0.9802777777777772,0.9802777777777772,0.9802777777777772,0.9802777777777772,0.9802777777777772,0.9802777777777772,0.9802777777777772,0.9802777777777772,0.9802777777777772,0.9802777777777772,26
2022-06-21 02:00:00+00:00,0.0,10.9,0.8,2,0,1,2,False,0.0,6,0.9813888888888886,0.9813888888888886,0.9813888888888886,0.9813888888888886,0.9813888888888886,0.9813888888888886,0.9813888888888886,0.9813888888888886,0.9813888888888886,0.9813888888888886,0.9813888888888886,0.9813888888888886,0.9813888888888886,0.9813888888888886,0.9813888888888886,0.9813888888888886,0.9813888888888886,0.9813888888888886,26
2022-06-21 03:00:00+00:00,0.0,10.3,1.3,2,0,1,3,False,0.0,6,0.9680555555555554,0.9680555555555554,0.9680555555555554,0.9680555555555554,0.9680555555555554,0.9680555555555554,0.9680555555555554,0.9680555555555554,0.9680555555555554,0.9680555555555554,0.9680555555555554,0.9680555555555554,0.9680555555555554,0.9680555555555554,0.9680555555555554,0.9680555555555554,0.9680555555555554,0.9680555555555554,26
2022-06-21 04:00:00+00:00,0.0,10.0,1.5,2,0,1,4,False,0.0,6,0.9836111111111108,0.9836111111111108,0.9836111111111108,0.9836111111111108,0.9836111111111108,0.9836111111111108,0.9836111111111108,0.9836111111111108,0.9836111111111108,0.9836111111111108,0.9836111111111108,0.9836111111111108,0.9836111111111108,0.9836111111111108,0.9836111111111108,0.9836111111111108,0.9836111111111108,0.9836111111111108,26
2022-06-21 05:00:00+00:00,0.0,12.3,2.1,2,0,1,5,False,0.0,6,0.9827777777777776,0.9827777777777776,0.9827777777777776,0.9827777777777776,0.9827777777777776,0.9827777777777776,0.9827777777777776,0.9827777777777776,0.9827777777777776,0.9827777777777776,0.9827777777777776,0.9827777777777776,0.9827777777777776,0.9827777777777776,0.9827777777777776,0.9827777777777776,0.9827777777777776,0.9827777777777776,26
2022-06-21 06:00:00+00:00,0.0,15.7,0.3,2,0,1,6,False,0.0,6,0.9847222222222224,0.9847222222222224,0.9847222222222224,0.9847222222222224,0.9847222222222224,0.9847222222222224,0.9847222222222224,0.9847222222222224,0.9847222222222224,0.9847222222222224,0.9847222222222224,0.9847222222222224,0.9847222222222224,0.9847222222222224,0.9847222222222224,0.9847222222222224,0.9847222222222224,0.9847222222222224,26
2022-06-21 07:00:00+00:00,0.0,16.7,1.5,5,5,1,7,False,0.0,6,0.9808333333333332,0.9808333333333332,0.9808333333333332,0.9808333333333332,0.9808333333333332,0.9808333333333332,0.9808333333333332,0.9808333333333332,0.9808333333333332,0.9808333333333332,0.9808333333333332,0.9808333333333332,0.9808333333333332,0.9808333333333332,0.9808333333333332,0.9808333333333332,0.9808333333333332,0.9808333333333332,27
2022-06-21 08:00:00+00:00,0.0,17.6,1.3,5,2,1,8,False,5.0,6,0.7827777777777779,0.785,0.2186111111111111,0.1908333333333333,0.9811111111111112,0.9811111111111112,0.8238888888888889,0.7930555555555555,0.6972222222222223,0.6980555555555557,0.3952777777777777,0.3719444444444443,0.5430555555555556,0.535,0.9666666666666668,0.9513888888888892,0.035,0.0136111111111111,27
2022-06-21 09:00:00+00:00,0.0,17.4,1.6,5,0,1,9,False,2.0,6,0.5377777777777778,0.5308333333333333,0.3330555555555556,0.3347222222222222,0.7211111111111111,0.7211111111111111,0.0,0.0,0.0936111111111111,0.0719444444444444,0.3655555555555556,0.3888888888888889,0.0,0.0,0.0,0.0,0.0,0.0,27
2022-06-21 10:00:00+00:00,0.0,19.7,1.9,6,11,1,10,False,0.0,6,0.9855555555555552,0.9855555555555552,0.0838888888888888,0.0691666666666666,0.9855555555555552,0.9855555555555552,0.0,0.0,0.1188888888888889,0.1122222222222222,0.9855555555555552,0.9855555555555552,0.5833333333333334,0.5986111111111111,0.0,0.0,0.6713888888888889,0.7016666666666668,25
2022-06-21 11:00:00+00:00,0.0,18.5,2.4,6,1,1,11,False,11.0,6,0.9877777777777778,0.9877777777777778,0.0941666666666666,0.1319444444444444,0.9877777777777778,0.9877777777777778,0.0,0.0175,0.0,0.0,0.9877777777777778,0.9877777777777778,0.9877777777777778,0.9877777777777778,0.0,0.0,0.9877777777777778,0.9877777777777778,27
2022-06-21 12:00:00+00:00,0.0,18.2,1.9,6,1,1,12,False,1.0,6,0.729722222222222,0.7219444444444443,0.7649999999999998,0.7649999999999998,0.9988888888888886,0.9988888888888886,0.7969444444444442,0.782222222222222,0.1658333333333333,0.2058333333333333,0.9988888888888886,0.9988888888888886,0.9988888888888886,0.9988888888888886,0.0,0.0,0.9988888888888886,0.9988888888888886,27
2022-06-21 13:00:00+00:00,0.1,18.4,2.7,8,3,1,13,False,1.0,6,0.2430555555555555,0.2375,0.9544444444444444,0.9544444444444444,0.5283333333333333,0.5044444444444445,0.0,0.0,0.9544444444444444,0.9544444444444444,0.9544444444444444,0.9544444444444444,0.9544444444444444,0.9544444444444444,0.0,0.0,0.9544444444444444,0.9544444444444444,17
2022-06-21 14:00:00+00:00,0.0,18.5,1.7,8,4,1,14,False,3.0,6,0.6983333333333334,0.7147222222222223,0.4727777777777778,0.4033333333333334,0.0,0.0,0.4800000000000001,0.4947222222222223,0.3550000000000001,0.3830555555555556,0.9802777777777776,0.9802777777777776,0.6722222222222223,0.6647222222222222,0.1794444444444444,0.1797222222222222,0.9802777777777776,0.9802777777777776,17
2022-06-21 15:00:00+00:00,0.0,19.0,3.4,8,0,1,15,False,4.0,6,0.9805555555555552,0.9805555555555552,0.6008333333333333,0.5861111111111111,0.8569444444444443,0.8794444444444443,0.7499999999999998,0.7499999999999998,0.7716666666666665,0.7949999999999997,0.9805555555555552,0.9805555555555552,0.9805555555555552,0.9805555555555552,0.0,0.0,0.9805555555555552,0.9805555555555552,21
2022-06-21 16:00:00+00:00,0.0,19.9,2.6,7,2,1,16,False,0.0,6,0.985277777777778,0.985277777777778,0.985277777777778,0.985277777777778,0.985277777777778,0.985277777777778,0.985277777777778,0.985277777777778,0.4744444444444444,0.4113888888888889,0.985277777777778,0.985277777777778,0.985277777777778,0.985277777777778,0.4524999999999999,0.4547222222222222,0.985277777777778,0.985277777777778,23
2022-06-21 17:00:00+00:00,0.0,19.9,2.8,7,0,1,17,False,2.0,6,0.9924999999999996,0.9924999999999996,0.9924999999999996,0.9924999999999996,0.9924999999999996,0.9924999999999996,0.9924999999999996,0.9924999999999996,0.9199999999999996,0.9605555555555554,0.9924999999999996,0.9924999999999996,0.9924999999999996,0.9924999999999996,0.9924999999999996,0.9924999999999996,0.9924999999999996,0.9924999999999996,21
2022-06-21 18:00:00+00:00,0.0,18.9,2.8,7,0,1,18,False,0.0,6,0.9822222222222224,0.9822222222222224,0.9822222222222224,0.9822222222222224,0.9822222222222224,0.9822222222222224,0.9822222222222224,0.9822222222222224,0.9822222222222224,0.9822222222222224,0.9822222222222224,0.9822222222222224,0.9822222222222224,0.9822222222222224,0.9822222222222224,0.9822222222222224,0.9822222222222224,0.9822222222222224,24
2022-06-21 19:00:00+00:00,0.0,18.5,2.1,8,1,1,19,False,0.0,6,0.9797222222222224,0.9797222222222224,0.9797222222222224,0.9797222222222224,0.9797222222222224,0.9797222222222224,0.9797222222222224,0.9797222222222224,0.9797222222222224,0.9797222222222224,0.9797222222222224,0.9797222222222224,0.9797222222222224,0.9797222222222224,0.9797222222222224,0.9797222222222224,0.9797222222222224,0.9797222222222224,23
2022-06-21 20:00:00+00:00,0.0,18.0,3.4,8,2,1,20,False,1.0,6,0.998888888888889,0.998888888888889,0.998888888888889,0.998888888888889,0.998888888888889,0.998888888888889,0.998888888888889,0.998888888888889,0.998888888888889,0.998888888888889,0.998888888888889,0.998888888888889,0.998888888888889,0.998888888888889,0.998888888888889,0.998888888888889,0.998888888888889,0.998888888888889,24
2022-06-21 21:00:00+00:00,0.1,16.3,2.0,8,1,1,21,False,2.0,6,0.9963888888888892,0.9963888888888892,0.9963888888888892,0.9963888888888892,0.9963888888888892,0.9963888888888892,0.9963888888888892,0.9963888888888892,0.9963888888888892,0.9963888888888892,0.9963888888888892,0.9963888888888892,0.9963888888888892,0.9963888888888892,0.9963888888888892,0.9963888888888892,0.9963888888888892,0.9963888888888892,25
2022-06-21 22:00:00+00:00,0.0,15.7,0.5,7,0,1,22,False,1.0,6,0.9869444444444444,0.9869444444444444,0.9869444444444444,0.9869444444444444,0.9869444444444444,0.9869444444444444,0.9869444444444444,0.9869444444444444,0.9869444444444444,0.9869444444444444,0.9869444444444444,0.9869444444444444,0.9869444444444444,0.9869444444444444,0.9869444444444444,0.9869444444444444,0.9869444444444444,0.9869444444444444,26
2022-06-21 23:00:00+00:00,0.0,15.1,0.4,7,0,1,23,False,0.0,6,0.9688888888888888,0.9688888888888888,0.9688888888888888,0.9688888888888888,0.9688888888888888,0.9688888888888888,0.9688888888888888,0.9688888888888888,0.9688888888888888,0.9688888888888888,0.9688888888888888,0.9688888888888888,0.9688888888888888,0.9688888888888888,0.9688888888888888,0.9688888888888888,0.9688888888888888,0.9688888888888888,25
2022-06-22 00:00:00+00:00,0.0,14.8,1.6,7,0,2,0,False,0.0,6,0.987777777777778,0.987777777777778,0.987777777777778,0.987777777777778,0.987777777777778,0.987777777777778,0.987777777777778,0.987777777777778,0.987777777777778,0.987777777777778,0.987777777777778,0.987777777777778,0.987777777777778,0.987777777777778,0.987777777777778,0.987777777777778,0.987777777777778,0.987777777777778,24
2022-06-22 01:00:00+00:00,0.0,14.4,1.8,7,0,2,1,False,0.0,6,0.9822222222222224,0.9822222222222224,0.9822222222222224,0.9822222222222224,0.9822222222222224,0.9822222222222224,0.9822222222222224,0.9822222222222224,0.9822222222222224,0.9822222222222224,0.9822222222222224,0.9822222222222224,0.9822222222222224,0.9822222222222224,0.9822222222222224,0.9822222222222224,0.9822222222222224,0.9822222222222224,24
2022-06-22 02:00:00+00:00,0.0,14.4,2.2,7,0,2,2,False,0.0,6,0.972222222222222,0.972222222222222,0.972222222222222,0.972222222222222,0.972222222222222,0.972222222222222,0.972222222222222,0.972222222222222,0.972222222222222,0.972222222222222,0.972222222222222,0.972222222222222,0.972222222222222,0.972222222222222,0.972222222222222,0.972222222222222,0.972222222222222,0.972222222222222,24
2022-06-22 03:00:00+00:00,0.0,15.0,2.4,7,0,2,3,False,0.0,6,0.9822222222222226,0.9822222222222226,0.9822222222222226,0.9822222222222226,0.9822222222222226,0.9822222222222226,0.9822222222222226,0.9822222222222226,0.9822222222222226,0.9822222222222226,0.9822222222222226,0.9822222222222226,0.9822222222222226,0.9822222222222226,0.9822222222222226,0.9822222222222226,0.9822222222222226,0.9822222222222226,24
2022-06-22 04:00:00+00:00,0.0,15.1,2.2,7,0,2,4,False,0.0,6,0.9525,0.9525,0.9525,0.9525,0.9525,0.9525,0.9525,0.9525,0.9525,0.9525,0.9525,0.9525,0.9525,0.9525,0.9525,0.9525,0.9525,0.9525,24
2022-06-22 05:00:00+00:00,0.0,15.5,2.4,7,0,2,5,False,0.0,6,0.973611111111111,0.973611111111111,0.973611111111111,0.973611111111111,0.973611111111111,0.973611111111111,0.973611111111111,0.973611111111111,0.973611111111111,0.973611111111111,0.973611111111111,0.973611111111111,0.973611111111111,0.973611111111111,0.973611111111111,0.973611111111111,0.973611111111111,0.973611111111111,24
2022-06-22 06:00:00+00:00,0.0,15.9,3.5,7,1,2,6,False,0.0,6,0.9883333333333332,0.9883333333333332,0.9883333333333332,0.9883333333333332,0.9883333333333332,0.9883333333333332,0.9883333333333332,0.9883333333333332,0.9883333333333332,0.9883333333333332,0.9883333333333332,0.9883333333333332,0.9883333333333332,0.9883333333333332,0.9883333333333332,0.9883333333333332,0.9883333333333332,0.9883333333333332,24
2022-06-22 07:00:00+00:00,0.0,16.2,4.1,5,0,2,7,False,1.0,6,0.982222222222222,0.982222222222222,0.8516666666666666,0.7930555555555555,0.982222222222222,0.982222222222222,0.982222222222222,0.982222222222222,0.1955555555555555,0.1666666666666666,0.982222222222222,0.982222222222222,0.982222222222222,0.982222222222222,0.982222222222222,0.982222222222222,0.982222222222222,0.982222222222222,24
2022-06-22 08:00:00+00:00,0.0,16.9,3.4,5,0,2,8,False,0.0,6,0.9508333333333334,0.9508333333333334,0.0741666666666666,0.0705555555555555,0.9508333333333334,0.9508333333333334,0.9508333333333334,0.9508333333333334,0.0941666666666666,0.1019444444444444,0.9508333333333334,0.9508333333333334,0.9508333333333334,0.9508333333333334,0.9508333333333334,0.9508333333333334,0.9194444444444444,0.8716666666666667,5
2022-06-22 09:00:00+00:00,0.0,18.0,2.3,5,1,2,9,False,0.0,6,0.6577777777777777,0.7799999999999998,0.4738888888888889,0.4027777777777778,0.9769444444444444,0.9769444444444444,0.9769444444444444,0.9769444444444444,0.0,0.0,0.9769444444444444,0.9769444444444444,0.9769444444444444,0.9769444444444444,0.1519444444444444,0.0,0.0,0.0,19
2022-06-22 10:00:00+00:00,0.0,19.0,1.3,5,1,2,10,False,1.0,6,0.979722222222222,0.979722222222222,0.0,0.0,0.979722222222222,0.979722222222222,0.979722222222222,0.979722222222222,0.0,0.0,0.979722222222222,0.979722222222222,0.979722222222222,0.979722222222222,0.0,0.0,0.7433333333333334,0.7658333333333334,26
2022-06-22 11:00:00+00:00,0.0,21.6,1.5,5,1,2,11,False,1.0,6,0.9819444444444446,0.9819444444444446,0.4952777777777778,0.5491666666666666,0.9819444444444446,0.9819444444444446,0.9819444444444446,0.9819444444444446,0.1491666666666666,0.1641666666666666,0.9819444444444446,0.9819444444444446,0.9819444444444446,0.9819444444444446,0.0,0.0,0.9819444444444446,0.9819444444444446,26
2022-06-22 12:00:00+00:00,0.0,19.9,1.7,5,3,2,12,False,1.0,6,0.9858333333333332,0.9858333333333332,0.9858333333333332,0.9858333333333332,0.9858333333333332,0.9858333333333332,0.9858333333333332,0.9858333333333332,0.3902777777777777,0.3666666666666666,0.9858333333333332,0.9858333333333332,0.9858333333333332,0.9858333333333332,0.2044444444444444,0.2194444444444444,0.9858333333333332,0.9858333333333332,9
2022-06-22 13:00:00+00:00,0.0,20.8,2.4,7,0,2,13,False,3.0,6,0.9344444444444446,0.9344444444444446,0.9344444444444446,0.9344444444444446,0.9344444444444446,0.9344444444444446,0.9344444444444446,0.9344444444444446,0.0,0.0472222222222222,0.9344444444444446,0.9344444444444446,0.9344444444444446,0.9344444444444446,0.3880555555555556,0.3722222222222223,0.9344444444444446,0.9344444444444446,11
2022-06-22 14:00:00+00:00,0.0,20.8,2.8,7,3,2,14,False,0.0,6,0.9936111111111112,0.9936111111111112,0.4533333333333333,0.4011111111111111,0.9936111111111112,0.9936111111111112,0.9936111111111112,0.9936111111111112,0.2286111111111111,0.2058333333333333,0.9936111111111112,0.9936111111111112,0.9936111111111112,0.9936111111111112,0.2427777777777778,0.2577777777777778,0.9936111111111112,0.9936111111111112,13
2022-06-22 15:00:00+00:00,0.0,21.4,2.9,7,2,2,15,False,3.0,6,0.9844444444444442,0.9844444444444442,0.3625,0.3625,0.9844444444444442,0.9844444444444442,0.9844444444444442,0.9844444444444442,0.4211111111111111,0.4588888888888889,0.9844444444444442,0.9844444444444442,0.9844444444444442,0.9844444444444442,0.475,0.5161111111111112,0.9544444444444442,0.938611111111111,15
2022-06-22 16:00:00+00:00,0.0,20.6,5.0,7,1,2,16,False,2.0,6,0.9341666666666668,0.8030555555555556,0.9500000000000002,0.9500000000000002,0.9500000000000002,0.9500000000000002,0.9500000000000002,0.9500000000000002,0.9500000000000002,0.9500000000000002,0.9500000000000002,0.9500000000000002,0.9500000000000002,0.9500000000000002,0.5519444444444446,0.4997222222222223,0.4730555555555555,0.4977777777777777,20
2022-06-22 17:00:00+00:00,0.0,19.7,3.9,7,1,2,17,False,1.0,6,0.941944444444444,0.9836111111111108,0.9836111111111108,0.9836111111111108,0.9836111111111108,0.9836111111111108,0.9836111111111108,0.9836111111111108,0.9836111111111108,0.9836111111111108,0.9836111111111108,0.9836111111111108,0.9836111111111108,0.9836111111111108,0.941944444444444,0.9836111111111108,0.9836111111111108,0.9836111111111108,19
2022-06-22 18:00:00+00:00,0.0,18.9,4.1,7,0,2,18,False,1.0,6,0.8186111111111108,0.8027777777777776,0.9827777777777776,0.9827777777777776,0.9827777777777776,0.9827777777777776,0.9827777777777776,0.9827777777777776,0.9827777777777776,0.9827777777777776,0.9827777777777776,0.9827777777777776,0.9827777777777776,0.9827777777777776,0.9827777777777776,0.9827777777777776,0.9827777777777776,0.9827777777777776,18
2022-06-22 19:00:00+00:00,0.0,18.2,4.6,8,0,2,19,False,0.0,6,0.9727777777777776,0.9727777777777776,0.9727777777777776,0.9727777777777776,0.9727777777777776,0.9727777777777776,0.9727777777777776,0.9727777777777776,0.9727777777777776,0.9727777777777776,0.9727777777777776,0.9727777777777776,0.9727777777777776,0.9727777777777776,0.7980555555555554,0.806111111111111,0.9727777777777776,0.9727777777777776,18
2022-06-22 20:00:00+00:00,0.0,17.7,2.9,8,0,2,20,False,0.0,6,0.9836111111111112,0.9836111111111112,0.9836111111111112,0.9836111111111112,0.9836111111111112,0.9836111111111112,0.9836111111111112,0.9836111111111112,0.9836111111111112,0.9836111111111112,0.9836111111111112,0.9836111111111112,0.9836111111111112,0.9836111111111112,0.9836111111111112,0.9836111111111112,0.9836111111111112,0.9836111111111112,17
2022-06-22 21:00:00+00:00,0.0,17.0,2.1,8,1,2,21,False,0.0,6,0.9861111111111114,0.9861111111111114,0.9861111111111114,0.9861111111111114,0.9861111111111114,0.9861111111111114,0.9861111111111114,0.9861111111111114,0.9861111111111114,0.9861111111111114,0.9861111111111114,0.9861111111111114,0.9861111111111114,0.9861111111111114,0.9861111111111114,0.9861111111111114,0.9861111111111114,0.9861111111111114,18
2022-06-22 22:00:00+00:00,0.0,16.3,2.2,7,0,2,22,False,1.0,6,0.9902777777777778,0.9902777777777778,0.9902777777777778,0.9902777777777778,0.9902777777777778,0.9902777777777778,0.9902777777777778,0.9902777777777778,0.9902777777777778,0.9902777777777778,0.9902777777777778,0.9902777777777778,0.9902777777777778,0.9902777777777778,0.9902777777777778,0.9902777777777778,0.9902777777777778,0.9902777777777778,18
2022-06-22 23:00:00+00:00,0.0,16.0,2.5,7,0,2,23,False,0.0,6,0.9830555555555556,0.9830555555555556,0.9830555555555556,0.9830555555555556,0.9830555555555556,0.9830555555555556,0.9830555555555556,0.9830555555555556,0.9830555555555556,0.9830555555555556,0.9830555555555556,0.9830555555555556,0.9830555555555556,0.9830555555555556,0.9830555555555556,0.9830555555555556,0.9830555555555556,0.9830555555555556,18
2022-06-23 00:00:00+00:00,0.0,15.5,1.9,7,0,3,0,False,0.0,6,0.994722222222222,0.994722222222222,0.994722222222222,0.994722222222222,0.994722222222222,0.994722222222222,0.994722222222222,0.994722222222222,0.994722222222222,0.994722222222222,0.994722222222222,0.994722222222222,0.994722222222222,0.994722222222222,0.994722222222222,0.994722222222222,0.994722222222222,0.994722222222222,17
2022-06-23 01:00:00+00:00,0.0,15.3,2.1,7,0,3,1,False,0.0,6,0.9855555555555556,0.9855555555555556,0.9855555555555556,0.9855555555555556,0.9855555555555556,0.9855555555555556,0.9855555555555556,0.9855555555555556,0.9855555555555556,0.9855555555555556,0.9855555555555556,0.9855555555555556,0.9855555555555556,0.9855555555555556,0.9855555555555556,0.9855555555555556,0.9855555555555556,0.9855555555555556,17
2022-06-23 02:00:00+00:00,0.0,14.7,1.3,7,0,3,2,False,0.0,6,0.9927777777777776,0.9927777777777776,0.9927777777777776,0.9927777777777776,0.9927777777777776,0.9927777777777776,0.9927777777777776,0.9927777777777776,0.9927777777777776,0.9927777777777776,0.9927777777777776,0.9927777777777776,0.9927777777777776,0.9927777777777776,0.9927777777777776,0.9927777777777776,0.9927777777777776,0.9927777777777776,17
2022-06-23 03:00:00+00:00,0.0,14.4,1.0,7,0,3,3,False,0.0,6,0.9866666666666666,0.9866666666666666,0.9866666666666666,0.9866666666666666,0.9866666666666666,0.9866666666666666,0.9866666666666666,0.9866666666666666,0.9866666666666666,0.9866666666666666,0.9866666666666666,0.9866666666666666,0.9866666666666666,0.9866666666666666,0.9866666666666666,0.9866666666666666,0.9866666666666666,0.9866666666666666,17
2022-06-23 04:00:00+00:00,0.0,14.6,2.1,7,0,3,4,False,0.0,6,0.9827777777777778,0.9827777777777778,0.9827777777777778,0.9827777777777778,0.9827777777777778,0.9827777777777778,0.9827777777777778,0.9827777777777778,0.9827777777777778,0.9827777777777778,0.9827777777777778,0.9827777777777778,0.9827777777777778,0.9827777777777778,0.9827777777777778,0.9827777777777778,0.9827777777777778,0.9827777777777778,17
2022-06-23 05:00:00+00:00,0.0,14.4,1.9,7,2,3,5,False,0.0,6,0.9822222222222222,0.9822222222222222,0.9822222222222222,0.9822222222222222,0.9822222222222222,0.9822222222222222,0.9822222222222222,0.9822222222222222,0.9822222222222222,0.9822222222222222,0.9822222222222222,0.9822222222222222,0.9822222222222222,0.9822222222222222,0.9822222222222222,0.9822222222222222,0.9822222222222222,0.9822222222222222,17
2022-06-23 06:00:00+00:00,0.0,16.0,1.9,7,1,3,6,False,2.0,6,0.9894444444444443,0.9894444444444443,0.9894444444444443,0.9894444444444443,0.9894444444444443,0.9894444444444443,0.9894444444444443,0.9894444444444443,0.9894444444444443,0.9894444444444443,0.9894444444444443,0.9894444444444443,0.9894444444444443,0.9894444444444443,0.9894444444444443,0.9894444444444443,0.9894444444444443,0.9894444444444443,17
2022-06-23 07:00:00+00:00,0.0,17.2,2.2,4,0,3,7,False,1.0,6,0.9775000000000004,0.9775000000000004,0.8697222222222225,0.8630555555555558,0.9775000000000004,0.9775000000000004,0.9775000000000004,0.9775000000000004,0.9775000000000004,0.9775000000000004,0.9775000000000004,0.9775000000000004,0.9775000000000004,0.9775000000000004,0.9775000000000004,0.9775000000000004,0.9775000000000004,0.9775000000000004,17
2022-06-23 08:00:00+00:00,0.0,19.2,2.9,4,1,3,8,False,0.0,6,0.9875,0.9875,0.2238888888888889,0.2255555555555555,0.9875,0.9875,0.9875,0.9875,0.0319444444444444,0.0083333333333333,0.9875,0.9875,0.8655555555555555,0.8497222222222222,0.6994444444444445,0.683888888888889,0.803611111111111,0.7769444444444444,17
2022-06-23 09:00:00+00:00,0.0,20.5,4.0,4,0,3,9,False,1.0,6,0.9855555555555552,0.9855555555555552,0.2552777777777778,0.2336111111111111,0.9855555555555552,0.9855555555555552,0.9855555555555552,0.9855555555555552,0.1044444444444444,0.1133333333333333,0.9527777777777776,0.9377777777777776,0.0,0.0,0.1052777777777777,0.1049999999999999,0.0,0.0,27
2022-06-23 10:00:00+00:00,0.0,21.3,4.1,3,6,3,10,False,0.0,6,0.9880555555555556,0.9880555555555556,0.2341666666666666,0.2263888888888889,0.9880555555555556,0.9880555555555556,0.581111111111111,0.5733333333333333,0.2677777777777778,0.311111111111111,0.0,0.0,0.0,0.0,0.1019444444444444,0.1238888888888888,0.0,0.0,27
2022-06-23 11:00:00+00:00,0.0,22.6,3.8,3,2,3,11,False,6.0,6,0.9786111111111112,0.9786111111111112,0.2991666666666667,0.2980555555555556,0.9786111111111112,0.9786111111111112,0.0947222222222222,0.1094444444444444,0.1336111111111111,0.1127777777777777,0.1208333333333333,0.0783333333333333,0.0,0.0,0.1127777777777777,0.09,0.0,0.0,27
2022-06-23 12:00:00+00:00,0.0,24.4,3.7,3,3,3,12,False,2.0,6,0.4013888888888889,0.4177777777777778,0.2411111111111111,0.2558333333333333,0.9297222222222222,0.9297222222222222,0.0388888888888888,0.0094444444444444,0.5897222222222223,0.5683333333333335,0.1333333333333333,0.1122222222222222,0.5400000000000001,0.5833333333333335,0.0,0.0,0.4602777777777778,0.5322222222222224,27
2022-06-23 13:00:00+00:00,0.0,24.8,4.2,2,0,3,13,False,3.0,6,0.7583333333333332,0.9511111111111108,0.8611111111111108,0.8749999999999997,0.9833333333333332,0.9833333333333332,0.0,0.0,0.2619444444444444,0.2761111111111111,0.2913888888888888,0.315,0.9833333333333332,0.9833333333333332,0.2627777777777778,0.2838888888888888,0.9833333333333332,0.9833333333333332,23
2022-06-23 14:00:00+00:00,0.0,25.1,4.4,2,2,3,14,False,0.0,6,0.9311111111111112,0.9019444444444444,0.0997222222222222,0.0780555555555555,0.9819444444444444,0.9819444444444444,0.0,0.0,0.0358333333333333,0.0358333333333333,0.6597222222222222,0.6766666666666667,0.9819444444444444,0.9819444444444444,0.0202777777777777,0.0055555555555555,0.9819444444444444,0.9819444444444444,23
2022-06-23 15:00:00+00:00,0.0,23.2,4.9,2,3,3,15,False,2.0,6,0.5655555555555557,0.5800000000000002,0.2141666666666667,0.2363888888888889,0.9827777777777776,0.9827777777777776,0.5075000000000001,0.5363888888888889,0.1849999999999999,0.1988888888888889,0.6661111111111113,0.6208333333333335,0.9827777777777776,0.9827777777777776,0.0,0.0,0.9827777777777776,0.9827777777777776,25
2022-06-23 16:00:00+00:00,0.0,21.4,5.4,2,0,3,16,False,3.0,6,0.9816666666666668,0.9816666666666668,0.7744444444444445,0.8141666666666666,0.9816666666666668,0.9816666666666668,0.0833333333333333,0.0686111111111111,0.6708333333333333,0.6791666666666666,0.9816666666666668,0.9816666666666668,0.9816666666666668,0.9816666666666668,0.7336111111111111,0.7486111111111111,0.9816666666666668,0.9816666666666668,27
2022-06-23 17:00:00+00:00,0.0,21.7,5.4,2,1,3,17,False,0.0,6,0.9872222222222224,0.9872222222222224,0.1127777777777777,0.0502777777777777,0.9872222222222224,0.9872222222222224,0.3158333333333333,0.3308333333333333,0.3905555555555555,0.3725,0.4700000000000001,0.4555555555555556,0.9872222222222224,0.9872222222222224,0.4719444444444445,0.4197222222222223,0.9872222222222224,0.9872222222222224,27
2022-06-23 18:00:00+00:00,0.0,20.7,4.7,2,1,3,18,False,1.0,6,0.5416666666666667,0.5252777777777778,0.2599999999999999,0.3213888888888888,0.9941666666666668,0.9941666666666668,0.9941666666666668,0.9941666666666668,0.4775,0.5255555555555556,0.166111111111111,0.1730555555555555,0.9941666666666668,0.9941666666666668,0.0,0.0,0.9941666666666668,0.9941666666666668,26
2022-06-23 19:00:00+00:00,0.0,19.0,4.0,1,0,3,19,False,1.0,6,0.8469444444444446,0.7977777777777779,0.6166666666666667,0.6041666666666667,0.9550000000000002,0.9550000000000002,0.9550000000000002,0.9550000000000002,0.428611111111111,0.3780555555555555,0.5255555555555557,0.496388888888889,0.9550000000000002,0.9550000000000002,0.8702777777777778,0.8927777777777778,0.9550000000000002,0.9550000000000002,27
2022-06-23 20:00:00+00:00,0.0,17.3,5.1,1,2,3,20,False,0.0,6,0.7436111111111112,0.7861111111111112,0.4069444444444444,0.4572222222222221,0.9691666666666664,0.9691666666666664,0.9691666666666664,0.9691666666666664,0.8175000000000001,0.8319444444444446,0.8669444444444445,0.9025,0.9691666666666664,0.9691666666666664,0.9691666666666664,0.9691666666666664,0.1602777777777777,0.1022222222222222,27
2022-06-23 21:00:00+00:00,0.0,16.6,4.0,1,2,3,21,False,2.0,6,0.9847222222222222,0.9847222222222222,0.9188888888888888,0.9252777777777778,0.9847222222222222,0.9847222222222222,0.9847222222222222,0.9847222222222222,0.9847222222222222,0.9847222222222222,0.9847222222222222,0.9847222222222222,0.9847222222222222,0.9847222222222222,0.9847222222222222,0.9847222222222222,0.0,0.0,26
2022-06-23 22:00:00+00:00,0.0,16.1,3.8,8,4,3,22,False,2.0,6,0.9827777777777776,0.9827777777777776,0.9827777777777776,0.9827777777777776,0.9827777777777776,0.9827777777777776,0.9827777777777776,0.9827777777777776,0.9827777777777776,0.9827777777777776,0.9827777777777776,0.9827777777777776,0.9827777777777776,0.9827777777777776,0.9827777777777776,0.9827777777777776,0.0,0.0,26
2022-06-23 23:00:00+00:00,0.0,15.7,3.5,8,0,3,23,False,4.0,6,0.9805555555555554,0.9805555555555554,0.9805555555555554,0.9805555555555554,0.9805555555555554,0.9805555555555554,0.9805555555555554,0.9805555555555554,0.9805555555555554,0.9805555555555554,0.9805555555555554,0.9805555555555554,0.9805555555555554,0.9805555555555554,0.9805555555555554,0.9805555555555554,0.0,0.0,26
2022-06-24 00:00:00+00:00,0.0,15.5,3.2,8,0,4,0,False,0.0,6,0.9158333333333332,0.9158333333333332,0.9158333333333332,0.9158333333333332,0.9158333333333332,0.9158333333333332,0.9158333333333332,0.9158333333333332,0.9158333333333332,0.9158333333333332,0.9158333333333332,0.9158333333333332,0.9158333333333332,0.9158333333333332,0.9158333333333332,0.9158333333333332,0.0,0.0,24
2022-06-24 01:00:00+00:00,0.0,15.2,3.4,8,0,4,1,False,0.0,6,0.9838888888888888,0.9838888888888888,0.9838888888888888,0.9838888888888888,0.9838888888888888,0.9838888888888888,0.9838888888888888,0.9838888888888888,0.9838888888888888,0.9838888888888888,0.9838888888888888,0.9838888888888888,0.9838888888888888,0.9838888888888888,0.9838888888888888,0.9838888888888888,0.0,0.0,20
2022-06-24 02:00:00+00:00,0.0,15.2,2.2,8,0,4,2,False,0.0,6,0.9991666666666664,0.9991666666666664,0.9991666666666664,0.9991666666666664,0.9991666666666664,0.9991666666666664,0.9991666666666664,0.9991666666666664,0.9991666666666664,0.9991666666666664,0.9991666666666664,0.9991666666666664,0.9991666666666664,0.9991666666666664,0.9991666666666664,0.9991666666666664,0.0,0.0,20
2022-06-24 03:00:00+00:00,0.0,15.3,3.0,8,0,4,3,False,0.0,6,0.965,0.965,0.965,0.965,0.965,0.965,0.965,0.965,0.965,0.965,0.965,0.965,0.965,0.965,0.965,0.965,0.0,0.0,20
2022-06-24 04:00:00+00:00,0.0,15.4,2.5,8,0,4,4,False,0.0,6,0.9858333333333332,0.9858333333333332,0.9858333333333332,0.9858333333333332,0.9858333333333332,0.9858333333333332,0.9858333333333332,0.9858333333333332,0.9858333333333332,0.9858333333333332,0.9858333333333332,0.9858333333333332,0.9858333333333332,0.9858333333333332,0.9858333333333332,0.9858333333333332,0.0,0.0,20
2022-06-24 05:00:00+00:00,0.0,15.5,1.8,8,1,4,5,False,0.0,6,0.9849999999999998,0.9849999999999998,0.9849999999999998,0.9849999999999998,0.9849999999999998,0.9849999999999998,0.9849999999999998,0.9849999999999998,0.9849999999999998,0.9849999999999998,0.9849999999999998,0.9849999999999998,0.9849999999999998,0.9849999999999998,0.9849999999999998,0.9849999999999998,0.0,0.0,20
2022-06-24 06:00:00+00:00,0.0,15.6,1.4,8,3,4,6,False,1.0,6,0.9161111111111112,0.9161111111111112,0.5344444444444445,0.5197222222222223,0.9161111111111112,0.9161111111111112,0.9161111111111112,0.9161111111111112,0.9161111111111112,0.9161111111111112,0.9161111111111112,0.9161111111111112,0.9161111111111112,0.9161111111111112,0.9161111111111112,0.9161111111111112,0.0,0.0,21
2022-06-24 07:00:00+00:00,0.0,15.8,1.7,8,0,4,7,False,3.0,6,0.9994444444444444,0.9994444444444444,0.2116666666666666,0.2633333333333333,0.9994444444444444,0.9994444444444444,0.9994444444444444,0.9994444444444444,0.8863888888888888,0.8627777777777776,0.9994444444444444,0.9994444444444444,0.9994444444444444,0.9994444444444444,0.9994444444444444,0.9994444444444444,0.0,0.0,21
2022-06-24 08:00:00+00:00,0.0,16.6,1.2,8,2,4,8,False,0.0,6,0.96,0.96,0.3408333333333333,0.3205555555555555,0.96,0.96,0.668611111111111,0.6388888888888888,0.0,0.0,0.96,0.96,0.2988888888888888,0.2741666666666666,0.7675,0.731111111111111,0.0,0.0,22
2022-06-24 09:00:00+00:00,0.0,19.3,1.1,8,0,4,9,False,2.0,6,0.6088888888888888,0.6488888888888888,0.0,0.0,0.9752777777777778,0.9752777777777778,0.0,0.0,0.1436111111111111,0.1694444444444444,0.9322222222222224,0.8972222222222223,0.0,0.0,0.0,0.0,0.31,0.3463888888888889,27
2022-06-24 10:00:00+00:00,0.0,21.4,1.6,3,1,4,10,False,0.0,6,0.4294444444444444,0.4013888888888889,0.0,0.0,0.5083333333333333,0.4938888888888889,0.5988888888888889,0.6219444444444444,0.0,0.0,0.1586111111111111,0.2105555555555555,0.0,0.0,0.8447222222222222,0.8875,0.9872222222222222,0.9872222222222222,27
2022-06-24 11:00:00+00:00,0.0,22.4,3.1,3,1,4,11,False,1.0,6,0.5652777777777779,0.5725000000000001,0.0,0.0,0.9047222222222222,0.8830555555555556,0.9858333333333332,0.9858333333333332,0.2675,0.2633333333333333,0.4536111111111111,0.4516666666666667,0.0,0.0,0.9858333333333332,0.9858333333333332,0.9858333333333332,0.9858333333333332,26
2022-06-24 12:00:00+00:00,0.0,23.5,3.3,3,0,4,12,False,1.0,6,0.9858333333333332,0.9858333333333332,0.0,0.0,0.5175000000000001,0.5038888888888889,0.9858333333333332,0.9858333333333332,0.0,0.0,0.1949999999999999,0.1808333333333333,0.4977777777777778,0.5197222222222223,0.8169444444444443,0.8180555555555553,0.9858333333333332,0.9858333333333332,27
2022-06-24 13:00:00+00:00,0.0,25.2,2.6,3,2,4,13,False,0.0,6,0.9875,0.9875,0.3191666666666666,0.3230555555555556,0.9116666666666666,0.8980555555555555,0.5027777777777778,0.4797222222222221,0.6252777777777778,0.6558333333333333,0.1908333333333333,0.1908333333333333,0.9875,0.9875,0.9875,0.9875,0.9875,0.9875,26
2022-06-24 14:00:00+00:00,0.0,25.3,3.1,3,1,4,14,False,2.0,6,0.9947222222222224,0.9947222222222224,0.7616666666666665,0.7913888888888888,0.6072222222222222,0.6216666666666667,0.0,0.0,0.6375,0.6802777777777776,0.3608333333333333,0.3830555555555556,0.9947222222222224,0.9947222222222224,0.4883333333333334,0.4669444444444445,0.9144444444444444,0.8852777777777778,27
2022-06-24 15:00:00+00:00,0.0,26.1,2.9,3,2,4,15,False,1.0,6,1.0,1.0,0.7169444444444444,0.7094444444444444,1.0,1.0,0.2905555555555556,0.3488888888888889,0.7388888888888888,0.782222222222222,0.405,0.3272222222222222,0.3747222222222222,0.3966666666666666,1.0,1.0,0.3111111111111111,0.2822222222222222,27
2022-06-24 16:00:00+00:00,0.0,26.2,2.6,1,1,4,16,False,2.0,6,0.6575000000000002,0.6150000000000001,0.2516666666666666,0.2119444444444444,0.9402777777777778,0.9108333333333334,0.2022222222222222,0.1505555555555555,0.2916666666666667,0.2461111111111111,0.583888888888889,0.5841666666666668,0.0219444444444444,0.03,0.5680555555555555,0.553611111111111,0.1408333333333333,0.1711111111111111,27
2022-06-24 17:00:00+00:00,0.0,25.9,1.4,1,2,4,17,False,1.0,6,0.2986111111111111,0.2980555555555556,0.5572222222222223,0.5572222222222223,0.0811111111111111,0.0805555555555555,0.4825000000000001,0.496388888888889,0.9599999999999996,0.9827777777777774,0.9827777777777774,0.9827777777777774,0.4533333333333333,0.4683333333333333,0.0,0.0,0.9827777777777774,0.9827777777777774,27
2022-06-24 18:00:00+00:00,0.0,26.1,1.1,1,1,4,18,False,2.0,6,0.5072222222222222,0.5330555555555555,0.3108333333333333,0.3047222222222222,0.0,0.0,0.2511111111111111,0.2363888888888888,0.1255555555555555,0.1405555555555555,0.4094444444444445,0.3797222222222222,0.5277777777777779,0.5047222222222223,0.0,0.0,1.0,1.0,25
2022-06-24 19:00:00+00:00,0.0,25.9,2.4,1,1,4,19,False,1.0,6,0.2886111111111111,0.2736111111111111,0.983611111111111,0.983611111111111,0.0541666666666666,0.0455555555555555,0.0,0.0,0.1386111111111111,0.1158333333333333,0.7458333333333332,0.7708333333333331,0.0,0.0,0.7247222222222222,0.7488888888888888,0.983611111111111,0.983611111111111,26
2022-06-24 20:00:00+00:00,0.0,23.8,1.9,1,1,4,20,False,1.0,6,0.4925,0.4916666666666666,0.985,0.985,0.5538888888888889,0.5755555555555555,0.4608333333333334,0.4838888888888888,0.4988888888888889,0.513611111111111,0.985,0.985,0.0,0.0,0.985,0.985,0.985,0.985,26
2022-06-24 21:00:00+00:00,0.0,22.4,0.3,1,3,4,21,False,1.0,6,0.964722222222222,0.964722222222222,0.964722222222222,0.964722222222222,0.6972222222222223,0.6975000000000001,0.964722222222222,0.964722222222222,0.964722222222222,0.964722222222222,0.964722222222222,0.964722222222222,0.0,0.0,0.964722222222222,0.964722222222222,0.964722222222222,0.964722222222222,25
2022-06-24 22:00:00+00:00,0.0,19.7,2.4,1,0,4,22,False,3.0,6,0.9816666666666666,0.9816666666666666,0.9816666666666666,0.9816666666666666,0.9816666666666666,0.9816666666666666,0.4344444444444443,0.4199999999999999,0.9816666666666666,0.9816666666666666,0.59,0.5972222222222222,0.0,0.0,0.9816666666666666,0.9816666666666666,0.4049999999999999,0.3819444444444443,24
2022-06-24 23:00:00+00:00,0.0,18.8,2.3,1,0,4,23,False,0.0,6,0.9949999999999998,0.9949999999999998,0.9949999999999998,0.9949999999999998,0.9949999999999998,0.9949999999999998,0.0,0.0,0.9949999999999998,0.9949999999999998,0.9949999999999998,0.9949999999999998,0.6027777777777777,0.625,0.9949999999999998,0.9949999999999998,0.6027777777777777,0.625,25
2022-06-25 00:00:00+00:00,0.0,17.8,2.3,1,0,5,0,False,0.0,6,0.9838888888888891,0.9838888888888891,0.9838888888888891,0.9838888888888891,0.9838888888888891,0.9838888888888891,0.0652777777777777,0.0805555555555555,0.9838888888888891,0.9838888888888891,0.9838888888888891,0.9838888888888891,0.9838888888888891,0.9838888888888891,0.9838888888888891,0.9838888888888891,0.1294444444444444,0.1222222222222222,23
2022-06-25 01:00:00+00:00,0.0,17.0,1.6,1,0,5,1,False,0.0,6,0.8713888888888889,0.8713888888888889,0.8713888888888889,0.8713888888888889,0.8713888888888889,0.8713888888888889,0.0,0.0,0.8713888888888889,0.8713888888888889,0.8713888888888889,0.8713888888888889,0.8713888888888889,0.8713888888888889,0.8713888888888889,0.8713888888888889,0.0,0.0,23
2022-06-25 02:00:00+00:00,0.0,16.8,1.4,1,0,5,2,False,0.0,6,0.9908333333333338,0.9908333333333338,0.9908333333333338,0.9908333333333338,0.9908333333333338,0.9908333333333338,0.0,0.0,0.9908333333333338,0.9908333333333338,0.9908333333333338,0.9908333333333338,0.9908333333333338,0.9908333333333338,0.9908333333333338,0.9908333333333338,0.0,0.0,23
2022-06-25 03:00:00+00:00,0.0,16.9,3.3,1,0,5,3,False,0.0,6,0.9900000000000002,0.9900000000000002,0.9900000000000002,0.9900000000000002,0.9900000000000002,0.9900000000000002,0.0,0.0,0.9900000000000002,0.9900000000000002,0.9900000000000002,0.9900000000000002,0.9900000000000002,0.9900000000000002,0.9900000000000002,0.9900000000000002,0.0,0.0,23
2022-06-25 04:00:00+00:00,0.0,16.6,2.6,1,1,5,4,False,0.0,6,0.9877777777777778,0.9877777777777778,0.9877777777777778,0.9877777777777778,0.9877777777777778,0.9877777777777778,0.0,0.0,0.9877777777777778,0.9877777777777778,0.9877777777777778,0.9877777777777778,0.9877777777777778,0.9877777777777778,0.9877777777777778,0.9877777777777778,0.0,0.0,23
2022-06-25 05:00:00+00:00,0.1,17.9,2.8,1,0,5,5,False,1.0,6,0.9822222222222226,0.9822222222222226,0.9822222222222226,0.9822222222222226,0.9822222222222226,0.9822222222222226,0.0,0.0,0.9822222222222226,0.9822222222222226,0.9822222222222226,0.9822222222222226,0.9822222222222226,0.9822222222222226,0.9822222222222226,0.9822222222222226,0.0,0.0,23
2022-06-25 06:00:00+00:00,0.1,21.0,1.9,1,0,5,6,False,0.0,6,0.9630555555555558,0.9630555555555558,0.9630555555555558,0.9630555555555558,0.9630555555555558,0.9630555555555558,0.0,0.0,0.9630555555555558,0.9630555555555558,0.9630555555555558,0.9630555555555558,0.9630555555555558,0.9630555555555558,0.9630555555555558,0.9630555555555558,0.4058333333333333,0.4280555555555556,23
2022-06-25 07:00:00+00:00,0.0,22.6,2.2,5,0,5,7,False,0.0,6,0.9863888888888888,0.9863888888888888,0.9863888888888888,0.9863888888888888,0.9863888888888888,0.9863888888888888,0.2566666666666666,0.3011111111111111,0.9863888888888888,0.9863888888888888,0.9863888888888888,0.9863888888888888,0.9863888888888888,0.9863888888888888,0.9863888888888888,0.9863888888888888,0.9863888888888888,0.9863888888888888,3
2022-06-25 08:00:00+00:00,0.0,23.2,2.9,5,0,5,8,False,0.0,6,0.939722222222222,0.939722222222222,0.939722222222222,0.939722222222222,0.939722222222222,0.939722222222222,0.939722222222222,0.939722222222222,0.3852777777777778,0.3494444444444444,0.939722222222222,0.939722222222222,0.939722222222222,0.939722222222222,0.939722222222222,0.939722222222222,0.939722222222222,0.939722222222222,5
2022-06-25 09:00:00+00:00,0.0,24.6,2.1,5,0,5,9,False,0.0,6,0.9858333333333336,0.9858333333333336,0.9858333333333336,0.9858333333333336,0.9858333333333336,0.9858333333333336,0.9858333333333336,0.9858333333333336,0.0,0.0,0.9858333333333336,0.9858333333333336,0.3808333333333333,0.3438888888888889,0.9858333333333336,0.9858333333333336,0.9858333333333336,0.9858333333333336,7
2022-06-25 10:00:00+00:00,0.0,26.3,3.7,4,3,5,10,False,0.0,6,0.987222222222222,0.987222222222222,0.987222222222222,0.987222222222222,0.987222222222222,0.987222222222222,0.987222222222222,0.987222222222222,0.0,0.0,0.987222222222222,0.987222222222222,0.6944444444444444,0.7244444444444444,0.987222222222222,0.987222222222222,0.987222222222222,0.987222222222222,10
2022-06-25 11:00:00+00:00,0.0,26.0,3.5,4,0,5,11,False,3.0,6,0.9472222222222222,0.9472222222222222,0.9472222222222222,0.9472222222222222,0.9472222222222222,0.9472222222222222,0.9472222222222222,0.9472222222222222,0.7522222222222221,0.8016666666666667,0.9472222222222222,0.9472222222222222,0.9472222222222222,0.9472222222222222,0.9472222222222222,0.9472222222222222,0.9472222222222222,0.9472222222222222,14
2022-06-25 12:00:00+00:00,0.0,26.9,2.9,4,2,5,12,False,0.0,6,0.6730555555555555,0.6499999999999999,0.88,0.88,0.88,0.88,0.88,0.88,0.7036111111111112,0.8294444444444443,0.5177777777777778,0.5033333333333333,0.88,0.88,0.88,0.88,0.88,0.88,17
2022-06-25 13:00:00+00:00,0.0,28.0,2.5,6,1,5,13,False,2.0,6,0.0,0.0,0.9655555555555556,0.9655555555555556,0.9655555555555556,0.9655555555555556,0.9655555555555556,0.9655555555555556,0.9655555555555556,0.9655555555555556,0.285,0.3252777777777778,0.9655555555555556,0.9655555555555556,0.9655555555555556,0.9655555555555556,0.3083333333333333,0.2861111111111111,17
2022-06-25 14:00:00+00:00,0.0,26.8,3.6,6,0,5,14,False,1.0,6,0.3661111111111111,0.3733333333333333,0.8391666666666666,0.831388888888889,0.2158333333333333,0.185,0.9861111111111108,0.9861111111111108,0.9861111111111108,0.9861111111111108,0.7069444444444444,0.7072222222222222,0.2894444444444444,0.275,0.92,0.8980555555555555,0.0,0.0,21
2022-06-25 15:00:00+00:00,0.0,25.5,3.5,6,2,5,15,False,0.0,6,0.4925,0.5183333333333333,0.2891666666666667,0.2772222222222222,0.0808333333333333,0.0666666666666666,0.8483333333333333,0.8483333333333333,0.3558333333333333,0.2844444444444444,0.3144444444444444,0.2847222222222222,0.0294444444444444,0.0455555555555555,0.1041666666666666,0.1113888888888889,0.0,0.0,24
2022-06-25 16:00:00+00:00,0.0,25.9,4.2,6,3,5,16,False,2.0,6,0.9063888888888888,0.8349999999999999,0.4025,0.2838888888888889,0.9063888888888888,0.8349999999999999,0.0383333333333333,0.0,0.3905555555555556,0.5280555555555555,0.0891666666666666,0.2130555555555555,0.1677777777777778,0.1597222222222222,0.7202777777777776,0.7736111111111109,0.5133333333333333,0.543611111111111,27
2022-06-25 17:00:00+00:00,0.0,25.9,3.2,6,0,5,17,False,3.0,6,0.981388888888889,0.981388888888889,0.8047222222222222,0.82,0.981388888888889,0.981388888888889,0.0247222222222222,0.0233333333333333,0.5016666666666667,0.5552777777777778,0.681111111111111,0.7419444444444443,0.0294444444444444,0.0447222222222222,0.981388888888889,0.981388888888889,0.981388888888889,0.981388888888889,27
2022-06-25 18:00:00+00:00,0.0,26.1,2.5,6,2,5,18,False,0.0,6,0.9880555555555556,0.9880555555555556,0.9880555555555556,0.9880555555555556,0.2980555555555556,0.2908333333333334,0.3416666666666667,0.3625,0.9366666666666668,0.9219444444444446,0.7405555555555556,0.7183333333333334,0.0,0.0,0.9880555555555556,0.9880555555555556,0.9880555555555556,0.9880555555555556,25
2022-06-25 19:00:00+00:00,0.0,24.8,2.6,6,0,5,19,False,2.0,6,0.8955555555555557,0.8891666666666667,0.9944444444444444,0.9944444444444444,0.1925,0.2313888888888889,0.9944444444444444,0.9944444444444444,0.7633333333333333,0.7480555555555556,0.6158333333333332,0.660277777777778,0.0,0.0,0.9944444444444444,0.9944444444444444,0.9944444444444444,0.9944444444444444,24
2022-06-25 20:00:00+00:00,0.0,23.6,1.5,6,0,5,20,False,0.0,6,0.9844444444444442,0.9844444444444442,0.9844444444444442,0.9844444444444442,0.9844444444444442,0.9844444444444442,0.9844444444444442,0.9844444444444442,0.0,0.0,0.9844444444444442,0.9844444444444442,0.0,0.0,0.2622222222222222,0.2511111111111111,0.9844444444444442,0.9844444444444442,25
2022-06-25 21:00:00+00:00,0.0,22.7,1.5,6,0,5,21,False,0.0,6,0.984444444444445,0.984444444444445,0.984444444444445,0.984444444444445,0.984444444444445,0.984444444444445,0.984444444444445,0.984444444444445,0.1447222222222222,0.1513888888888888,0.984444444444445,0.984444444444445,0.0,0.0,0.0,0.0,0.984444444444445,0.984444444444445,25
2022-06-25 22:00:00+00:00,0.0,20.8,2.3,7,0,5,22,False,0.0,6,0.9863888888888888,0.9863888888888888,0.9863888888888888,0.9863888888888888,0.9863888888888888,0.9863888888888888,0.9863888888888888,0.9863888888888888,0.0211111111111111,0.0847222222222222,0.9863888888888888,0.9863888888888888,0.0,0.0,0.8286111111111111,0.8849999999999999,0.9863888888888888,0.9863888888888888,26
2022-06-25 23:00:00+00:00,0.0,19.4,1.3,7,0,5,23,False,0.0,6,0.9827777777777778,0.9827777777777778,0.9827777777777778,0.9827777777777778,0.9827777777777778,0.9827777777777778,0.9827777777777778,0.9827777777777778,0.4947222222222223,0.5091666666666668,0.9827777777777778,0.9827777777777778,0.0,0.0,0.9827777777777778,0.9827777777777778,0.9827777777777778,0.9827777777777778,27
2022-06-26 00:00:00+00:00,0.0,18.2,1.3,7,0,6,0,False,0.0,6,0.9891666666666667,0.9891666666666667,0.9891666666666667,0.9891666666666667,0.9891666666666667,0.9891666666666667,0.9891666666666667,0.9891666666666667,0.9891666666666667,0.9891666666666667,0.9891666666666667,0.9891666666666667,0.0,0.0,0.9891666666666667,0.9891666666666667,0.9891666666666667,0.9891666666666667,27
2022-06-26 01:00:00+00:00,0.0,17.9,2.0,7,0,6,1,False,0.0,6,0.9875,0.9875,0.9875,0.9875,0.9875,0.9875,0.9875,0.9875,0.9875,0.9875,0.9875,0.9875,0.0,0.0,0.9875,0.9875,0.9875,0.9875,27
2022-06-26 02:00:00+00:00,0.0,17.7,0.5,7,0,6,2,False,0.0,6,0.9730555555555556,0.9730555555555556,0.9730555555555556,0.9730555555555556,0.9730555555555556,0.9730555555555556,0.9730555555555556,0.9730555555555556,0.9730555555555556,0.9730555555555556,0.9730555555555556,0.9730555555555556,0.0,0.0,0.9730555555555556,0.9730555555555556,0.9730555555555556,0.9730555555555556,27
2022-06-26 03:00:00+00:00,0.2,18.0,0.7,7,0,6,3,False,0.0,6,0.9880555555555556,0.9880555555555556,0.9880555555555556,0.9880555555555556,0.9880555555555556,0.9880555555555556,0.9880555555555556,0.9880555555555556,0.9880555555555556,0.9880555555555556,0.9880555555555556,0.9880555555555556,0.0,0.0,0.9880555555555556,0.9880555555555556,0.9880555555555556,0.9880555555555556,27
2022-06-26 04:00:00+00:00,2.2,17.3,2.0,7,0,6,4,False,0.0,6,0.9863888888888888,0.9863888888888888,0.9863888888888888,0.9863888888888888,0.9863888888888888,0.9863888888888888,0.9863888888888888,0.9863888888888888,0.9863888888888888,0.9863888888888888,0.9863888888888888,0.9863888888888888,0.0,0.0,0.9863888888888888,0.9863888888888888,0.9863888888888888,0.9863888888888888,27
2022-06-26 05:00:00+00:00,0.0,17.4,2.1,7,0,6,5,False,0.0,6,0.9841666666666662,0.9841666666666662,0.9841666666666662,0.9841666666666662,0.9841666666666662,0.9841666666666662,0.9841666666666662,0.9841666666666662,0.9841666666666662,0.9841666666666662,0.9841666666666662,0.9841666666666662,0.0,0.0,0.9841666666666662,0.9841666666666662,0.9841666666666662,0.9841666666666662,27
2022-06-26 06:00:00+00:00,0.0,18.3,1.1,7,0,6,6,False,0.0,6,0.7350000000000001,0.7350000000000001,0.7350000000000001,0.7350000000000001,0.7350000000000001,0.7350000000000001,0.7350000000000001,0.7350000000000001,0.7350000000000001,0.7350000000000001,0.7350000000000001,0.7350000000000001,0.0,0.0,0.7350000000000001,0.7350000000000001,0.7350000000000001,0.7350000000000001,27
2022-06-26 07:00:00+00:00,0.0,19.4,1.2,7,0,6,7,False,0.0,6,0.9886111111111108,0.9886111111111108,0.9886111111111108,0.9886111111111108,0.9886111111111108,0.9886111111111108,0.9886111111111108,0.9886111111111108,0.9886111111111108,0.9886111111111108,0.9886111111111108,0.9886111111111108,0.940833333333333,0.9686111111111108,0.9886111111111108,0.9886111111111108,0.9886111111111108,0.9886111111111108,19
2022-06-26 08:00:00+00:00,0.0,21.2,0.9,7,0,6,8,False,0.0,6,0.9805555555555556,0.9805555555555556,0.9805555555555556,0.9805555555555556,0.9805555555555556,0.9805555555555556,0.9805555555555556,0.9805555555555556,0.9805555555555556,0.9805555555555556,0.9594444444444444,0.9663888888888889,0.9805555555555556,0.9805555555555556,0.9805555555555556,0.9805555555555556,0.9805555555555556,0.9805555555555556,7
2022-06-26 09:00:00+00:00,0.0,22.4,2.1,7,0,6,9,False,0.0,6,0.984722222222222,0.984722222222222,0.4211111111111111,0.3994444444444444,0.984722222222222,0.984722222222222,0.984722222222222,0.984722222222222,0.984722222222222,0.984722222222222,0.948333333333333,0.9480555555555554,0.984722222222222,0.984722222222222,0.984722222222222,0.984722222222222,0.984722222222222,0.984722222222222,7
2022-06-26 10:00:00+00:00,0.0,23.0,1.6,8,5,6,10,False,0.0,6,0.9999999999999998,0.9999999999999998,0.0,0.0,0.9999999999999998,0.9999999999999998,0.9999999999999998,0.9999999999999998,0.3741666666666666,0.345,0.9999999999999998,0.9999999999999998,0.9999999999999998,0.9999999999999998,0.9999999999999998,0.9999999999999998,0.9999999999999998,0.9999999999999998,8
2022-06-26 11:00:00+00:00,0.0,24.3,1.1,8,1,6,11,False,5.0,6,0.975,0.975,0.7583333333333334,0.7733333333333334,0.975,0.975,0.975,0.975,0.6525,0.6755555555555555,0.7344444444444445,0.7408333333333333,0.975,0.975,0.975,0.975,0.975,0.975,13
2022-06-26 12:00:00+00:00,2.8,20.7,1.8,8,2,6,12,False,1.0,6,0.9830555555555556,0.9830555555555556,0.9830555555555556,0.9830555555555556,0.9830555555555556,0.9830555555555556,0.9830555555555556,0.9830555555555556,0.9830555555555556,0.9830555555555556,0.2016666666666667,0.1794444444444444,0.9830555555555556,0.9830555555555556,0.9830555555555556,0.9830555555555556,0.9830555555555556,0.9830555555555556,17
2022-06-26 13:00:00+00:00,0.1,21.8,3.2,7,0,6,13,False,2.0,6,0.9841666666666666,0.9841666666666666,0.9841666666666666,0.9841666666666666,0.9841666666666666,0.9841666666666666,0.9841666666666666,0.9841666666666666,0.9841666666666666,0.9841666666666666,0.0,0.0,0.9841666666666666,0.9841666666666666,0.9841666666666666,0.9841666666666666,0.9841666666666666,0.9841666666666666,15
2022-06-26 14:00:00+00:00,0.0,21.4,1.7,7,1,6,14,False,0.0,6,0.9708333333333332,0.9708333333333332,0.9708333333333332,0.9708333333333332,0.9708333333333332,0.9708333333333332,0.9708333333333332,0.9708333333333332,0.9708333333333332,0.9708333333333332,0.0,0.0,0.9708333333333332,0.9708333333333332,0.9708333333333332,0.9708333333333332,0.9708333333333332,0.9708333333333332,15
2022-06-26 15:00:00+00:00,0.1,20.9,1.4,7,1,6,15,False,1.0,6,0.985,0.985,0.985,0.985,0.985,0.985,0.985,0.985,0.985,0.985,0.0,0.0,0.985,0.985,0.985,0.985,0.985,0.985,13
2022-06-26 16:00:00+00:00,0.6,19.9,1.6,7,0,6,16,False,1.0,6,0.979722222222222,0.979722222222222,0.979722222222222,0.979722222222222,0.5372222222222222,0.5430555555555555,0.979722222222222,0.979722222222222,0.979722222222222,0.979722222222222,0.8508333333333334,0.8583333333333335,0.979722222222222,0.979722222222222,0.979722222222222,0.979722222222222,0.979722222222222,0.979722222222222,15
2022-06-26 17:00:00+00:00,3.8,18.6,1.6,7,0,6,17,False,0.0,6,0.985555555555556,0.985555555555556,0.985555555555556,0.985555555555556,0.985555555555556,0.985555555555556,0.985555555555556,0.985555555555556,0.985555555555556,0.985555555555556,0.985555555555556,0.985555555555556,0.985555555555556,0.985555555555556,0.985555555555556,0.985555555555556,0.985555555555556,0.985555555555556,15
2022-06-26 18:00:00+00:00,2.0,18.5,2.8,7,2,6,18,False,0.0,6,0.9905555555555552,0.9905555555555552,0.9905555555555552,0.9905555555555552,0.9905555555555552,0.9905555555555552,0.9905555555555552,0.9905555555555552,0.9905555555555552,0.9905555555555552,0.9905555555555552,0.9905555555555552,0.9905555555555552,0.9905555555555552,0.9905555555555552,0.9905555555555552,0.9905555555555552,0.9905555555555552,13
2022-06-26 19:00:00+00:00,1.1,18.2,2.3,7,0,6,19,False,2.0,6,0.9302777777777776,0.9302777777777776,0.9302777777777776,0.9302777777777776,0.9302777777777776,0.9302777777777776,0.9302777777777776,0.9302777777777776,0.9302777777777776,0.9302777777777776,0.9302777777777776,0.9302777777777776,0.9302777777777776,0.9302777777777776,0.9302777777777776,0.9302777777777776,0.9302777777777776,0.9302777777777776,13
2022-06-26 20:00:00+00:00,0.0,18.6,3.0,7,0,6,20,False,0.0,6,0.9861111111111108,0.9861111111111108,0.9861111111111108,0.9861111111111108,0.9861111111111108,0.9861111111111108,0.9861111111111108,0.9861111111111108,0.9861111111111108,0.9861111111111108,0.9861111111111108,0.9861111111111108,0.9861111111111108,0.9861111111111108,0.9861111111111108,0.9861111111111108,0.9861111111111108,0.9861111111111108,13
2022-06-26 21:00:00+00:00,0.0,18.1,2.2,7,0,6,21,False,0.0,6,0.980833333333333,0.980833333333333,0.980833333333333,0.980833333333333,0.980833333333333,0.980833333333333,0.980833333333333,0.980833333333333,0.980833333333333,0.980833333333333,0.980833333333333,0.980833333333333,0.980833333333333,0.980833333333333,0.980833333333333,0.980833333333333,0.980833333333333,0.980833333333333,11
2022-06-26 22:00:00+00:00,0.0,17.2,2.8,4,0,6,22,False,0.0,6,0.9219444444444445,0.9219444444444445,0.9219444444444445,0.9219444444444445,0.9219444444444445,0.9219444444444445,0.9219444444444445,0.9219444444444445,0.9219444444444445,0.9219444444444445,0.9219444444444445,0.9219444444444445,0.9219444444444445,0.9219444444444445,0.9219444444444445,0.9219444444444445,0.9219444444444445,0.9219444444444445,11
2022-06-26 23:00:00+00:00,0.0,16.9,2.2,4,0,6,23,False,0.0,6,0.981388888888889,0.981388888888889,0.981388888888889,0.981388888888889,0.981388888888889,0.981388888888889,0.981388888888889,0.981388888888889,0.981388888888889,0.981388888888889,0.981388888888889,0.981388888888889,0.981388888888889,0.981388888888889,0.981388888888889,0.981388888888889,0.981388888888889,0.981388888888889,11
2022-06-27 00:00:00+00:00,0.0,16.1,2.2,4,0,0,0,False,0.0,6,0.9838888888888888,0.9838888888888888,0.9838888888888888,0.9838888888888888,0.9838888888888888,0.9838888888888888,0.9838888888888888,0.9838888888888888,0.9838888888888888,0.9838888888888888,0.9838888888888888,0.9838888888888888,0.9838888888888888,0.9838888888888888,0.9838888888888888,0.9838888888888888,0.9838888888888888,0.9838888888888888,11
2022-06-27 01:00:00+00:00,0.0,16.1,2.9,4,0,0,1,False,0.0,6,0.969166666666667,0.969166666666667,0.969166666666667,0.969166666666667,0.969166666666667,0.969166666666667,0.969166666666667,0.969166666666667,0.969166666666667,0.969166666666667,0.969166666666667,0.969166666666667,0.969166666666667,0.969166666666667,0.969166666666667,0.969166666666667,0.969166666666667,0.969166666666667,11
2022-06-27 02:00:00+00:00,0.0,16.2,2.9,4,0,0,2,False,0.0,6,0.9822222222222224,0.9822222222222224,0.9822222222222224,0.9822222222222224,0.9822222222222224,0.9822222222222224,0.9822222222222224,0.9822222222222224,0.9822222222222224,0.9822222222222224,0.9822222222222224,0.9822222222222224,0.9822222222222224,0.9822222222222224,0.9822222222222224,0.9822222222222224,0.9822222222222224,0.9822222222222224,11
2022-06-27 03:00:00+00:00,0.0,16.1,2.0,4,0,0,3,False,0.0,6,0.9716666666666668,0.9716666666666668,0.9716666666666668,0.9716666666666668,0.9716666666666668,0.9716666666666668,0.9716666666666668,0.9716666666666668,0.9716666666666668,0.9716666666666668,0.9716666666666668,0.9716666666666668,0.9716666666666668,0.9716666666666668,0.9716666666666668,0.9716666666666668,0.9716666666666668,0.9716666666666668,11
2022-06-27 04:00:00+00:00,0.0,16.9,1.6,4,0,0,4,False,0.0,6,0.9858333333333336,0.9858333333333336,0.9858333333333336,0.9858333333333336,0.9858333333333336,0.9858333333333336,0.9858333333333336,0.9858333333333336,0.9858333333333336,0.9858333333333336,0.9858333333333336,0.9858333333333336,0.9858333333333336,0.9858333333333336,0.9858333333333336,0.9858333333333336,0.9858333333333336,0.9858333333333336,11
2022-06-27 05:00:00+00:00,0.0,17.0,1.3,4,2,0,5,False,0.0,6,0.9805555555555556,0.9805555555555556,0.9805555555555556,0.9805555555555556,0.9805555555555556,0.9805555555555556,0.9805555555555556,0.9805555555555556,0.9805555555555556,0.9805555555555556,0.9805555555555556,0.9805555555555556,0.9805555555555556,0.9805555555555556,0.9805555555555556,0.9805555555555556,0.9805555555555556,0.9805555555555556,11
2022-06-27 06:00:00+00:00,0.0,17.0,1.2,4,2,0,6,False,2.0,6,0.9974999999999996,0.9974999999999996,0.9974999999999996,0.9974999999999996,0.9974999999999996,0.9974999999999996,0.9974999999999996,0.9974999999999996,0.9974999999999996,0.9974999999999996,0.9974999999999996,0.9974999999999996,0.9974999999999996,0.9974999999999996,0.9974999999999996,0.9974999999999996,0.9974999999999996,0.9974999999999996,11
2022-06-27 07:00:00+00:00,0.0,16.9,0.8,8,2,0,7,False,2.0,6,0.9919444444444446,0.9919444444444446,0.9919444444444446,0.9919444444444446,0.9919444444444446,0.9919444444444446,0.9919444444444446,0.9919444444444446,0.415,0.3986111111111111,0.9919444444444446,0.9919444444444446,0.9919444444444446,0.9919444444444446,0.9919444444444446,0.9919444444444446,0.9919444444444446,0.9919444444444446,12
2022-06-27 08:00:00+00:00,0.0,17.3,0.7,8,1,0,8,False,2.0,6,0.4047222222222223,0.3691666666666667,0.8658333333333333,0.8483333333333334,0.3374999999999999,0.3330555555555555,0.9852777777777776,0.9852777777777776,0.0636111111111111,0.0622222222222222,0.9852777777777776,0.9852777777777776,0.9852777777777776,0.9852777777777776,0.9852777777777776,0.9852777777777776,0.9852777777777776,0.9852777777777776,11
2022-06-27 09:00:00+00:00,0.0,18.5,1.4,8,0,0,9,False,1.0,6,0.9825,0.9825,0.3975,0.4561111111111111,0.9825,0.9825,0.9825,0.9825,0.0,0.0,0.9825,0.9825,0.9825,0.9825,0.9825,0.9825,0.9825,0.9825,15
2022-06-27 10:00:00+00:00,0.0,19.3,2.7,7,0,0,10,False,0.0,6,0.983888888888889,0.983888888888889,0.5205555555555557,0.4905555555555556,0.983888888888889,0.983888888888889,0.983888888888889,0.983888888888889,0.0,0.0,0.983888888888889,0.983888888888889,0.983888888888889,0.983888888888889,0.983888888888889,0.983888888888889,0.7366666666666669,0.7069444444444447,17
2022-06-27 11:00:00+00:00,0.7,19.0,3.0,7,2,0,11,False,0.0,6,0.9852777777777778,0.9852777777777778,0.0941666666666666,0.1161111111111111,0.9852777777777778,0.9852777777777778,0.9852777777777778,0.9852777777777778,0.0,0.0,0.9852777777777778,0.9852777777777778,0.9852777777777778,0.9852777777777778,0.9852777777777778,0.9852777777777778,0.0,0.0,17
2022-06-27 12:00:00+00:00,13.8,18.0,2.3,7,0,0,12,False,2.0,6,0.9819444444444444,0.9819444444444444,0.1186111111111111,0.0966666666666666,0.9819444444444444,0.9819444444444444,0.9819444444444444,0.9819444444444444,0.0,0.0,0.9819444444444444,0.9819444444444444,0.9819444444444444,0.9819444444444444,0.9819444444444444,0.9819444444444444,0.2022222222222222,0.2166666666666666,19
2022-06-27 13:00:00+00:00,0.0,19.5,0.7,8,0,0,13,False,0.0,6,0.9847222222222224,0.9847222222222224,0.1855555555555555,0.2002777777777777,0.9847222222222224,0.9847222222222224,0.9847222222222224,0.9847222222222224,0.0,0.0,0.9847222222222224,0.9847222222222224,0.9847222222222224,0.9847222222222224,0.9847222222222224,0.9847222222222224,0.0,0.0,21
2022-06-27 14:00:00+00:00,0.0,20.4,0.8,8,4,0,14,False,0.0,6,0.9686111111111108,0.9686111111111108,0.9686111111111108,0.9686111111111108,0.9686111111111108,0.9686111111111108,0.9686111111111108,0.9686111111111108,0.4955555555555556,0.4666666666666667,0.9686111111111108,0.9686111111111108,0.9686111111111108,0.9686111111111108,0.9686111111111108,0.9686111111111108,0.0147222222222222,0.0225,20
2022-06-27 15:00:00+00:00,0.0,20.6,1.2,8,0,0,15,False,4.0,6,0.9838888888888888,0.9838888888888888,0.3636111111111111,0.3416666666666666,0.9838888888888888,0.9838888888888888,0.9838888888888888,0.9838888888888888,0.0,0.0,0.9838888888888888,0.9838888888888888,0.9838888888888888,0.9838888888888888,0.9838888888888888,0.9838888888888888,0.1147222222222222,0.1361111111111111,22
2022-06-27 16:00:00+00:00,0.0,21.8,1.0,8,1,0,16,False,0.0,6,0.9869444444444444,0.9869444444444444,0.3677777777777777,0.3197222222222222,0.9869444444444444,0.9869444444444444,0.9869444444444444,0.9869444444444444,0.1077777777777777,0.0891666666666666,0.9869444444444444,0.9869444444444444,0.9869444444444444,0.9869444444444444,0.9869444444444444,0.9869444444444444,0.9869444444444444,0.9869444444444444,26
2022-06-27 17:00:00+00:00,0.6,19.6,2.3,8,1,0,17,False,1.0,6,0.9788888888888888,0.9788888888888888,0.5511111111111112,0.6391666666666668,0.9788888888888888,0.9788888888888888,0.9788888888888888,0.9788888888888888,0.94,0.9616666666666666,0.9788888888888888,0.9788888888888888,0.9788888888888888,0.9788888888888888,0.9788888888888888,0.9788888888888888,0.9788888888888888,0.9788888888888888,12
2022-06-27 18:00:00+00:00,0.0,19.5,1.1,8,0,0,18,False,1.0,6,0.9805555555555556,0.9805555555555556,0.9805555555555556,0.9805555555555556,0.9805555555555556,0.9805555555555556,0.9805555555555556,0.9805555555555556,0.9805555555555556,0.9805555555555556,0.9805555555555556,0.9805555555555556,0.9805555555555556,0.9805555555555556,0.9805555555555556,0.9805555555555556,0.9805555555555556,0.9805555555555556,13
2022-06-27 19:00:00+00:00,0.0,20.8,1.7,7,0,0,19,False,0.0,6,0.9897222222222224,0.9897222222222224,0.9897222222222224,0.9897222222222224,0.9897222222222224,0.9897222222222224,0.9897222222222224,0.9897222222222224,0.9897222222222224,0.9897222222222224,0.9897222222222224,0.9897222222222224,0.9897222222222224,0.9897222222222224,0.9897222222222224,0.9897222222222224,0.9897222222222224,0.9897222222222224,12
2022-06-27 20:00:00+00:00,1.5,20.2,2.3,7,0,0,20,False,0.0,6,0.9844444444444446,0.9844444444444446,0.9844444444444446,0.9844444444444446,0.9844444444444446,0.9844444444444446,0.9844444444444446,0.9844444444444446,0.9844444444444446,0.9844444444444446,0.9844444444444446,0.9844444444444446,0.9844444444444446,0.9844444444444446,0.9844444444444446,0.9844444444444446,0.9844444444444446,0.9844444444444446,11
2022-06-27 21:00:00+00:00,1.5,18.5,3.3,7,0,0,21,False,0.0,6,0.9855555555555556,0.9855555555555556,0.9855555555555556,0.9855555555555556,0.9855555555555556,0.9855555555555556,0.9855555555555556,0.9855555555555556,0.9855555555555556,0.9855555555555556,0.9855555555555556,0.9855555555555556,0.9855555555555556,0.9855555555555556,0.9855555555555556,0.9855555555555556,0.9855555555555556,0.9855555555555556,12
2022-06-27 22:00:00+00:00,1.7,18.1,1.8,8,0,0,22,False,0.0,6,0.9836111111111108,0.9836111111111108,0.9836111111111108,0.9836111111111108,0.9836111111111108,0.9836111111111108,0.9836111111111108,0.9836111111111108,0.9836111111111108,0.9836111111111108,0.9836111111111108,0.9836111111111108,0.9836111111111108,0.9836111111111108,0.9836111111111108,0.9836111111111108,0.9836111111111108,0.9836111111111108,13
2022-06-27 23:00:00+00:00,0.0,18.2,0.6,8,0,0,23,False,0.0,6,0.9813888888888888,0.9813888888888888,0.9813888888888888,0.9813888888888888,0.9813888888888888,0.9813888888888888,0.9813888888888888,0.9813888888888888,0.9813888888888888,0.9813888888888888,0.9813888888888888,0.9813888888888888,0.9813888888888888,0.9813888888888888,0.9813888888888888,0.9813888888888888,0.9813888888888888,0.9813888888888888,13
2022-06-28 00:00:00+00:00,1.0,18.2,1.6,8,0,1,0,False,0.0,6,0.986666666666666,0.986666666666666,0.986666666666666,0.986666666666666,0.986666666666666,0.986666666666666,0.986666666666666,0.986666666666666,0.986666666666666,0.986666666666666,0.986666666666666,0.986666666666666,0.986666666666666,0.986666666666666,0.986666666666666,0.986666666666666,0.986666666666666,0.986666666666666,13
2022-06-28 01:00:00+00:00,1.8,17.9,1.4,8,0,1,1,False,0.0,6,0.9858333333333332,0.9858333333333332,0.9858333333333332,0.9858333333333332,0.9858333333333332,0.9858333333333332,0.9858333333333332,0.9858333333333332,0.9858333333333332,0.9858333333333332,0.9858333333333332,0.9858333333333332,0.9858333333333332,0.9858333333333332,0.9858333333333332,0.9858333333333332,0.9858333333333332,0.9858333333333332,13
2022-06-28 02:00:00+00:00,1.1,17.5,2.5,8,0,1,2,False,0.0,6,0.9813888888888892,0.9813888888888892,0.9813888888888892,0.9813888888888892,0.9813888888888892,0.9813888888888892,0.9813888888888892,0.9813888888888892,0.9813888888888892,0.9813888888888892,0.9813888888888892,0.9813888888888892,0.9813888888888892,0.9813888888888892,0.9813888888888892,0.9813888888888892,0.9813888888888892,0.9813888888888892,13
2022-06-28 03:00:00+00:00,0.1,17.3,1.1,8,0,1,3,False,0.0,6,0.9838888888888888,0.9838888888888888,0.9838888888888888,0.9838888888888888,0.9838888888888888,0.9838888888888888,0.9838888888888888,0.9838888888888888,0.9838888888888888,0.9838888888888888,0.9838888888888888,0.9838888888888888,0.9838888888888888,0.9838888888888888,0.9838888888888888,0.9838888888888888,0.9838888888888888,0.9838888888888888,13
2022-06-28 04:00:00+00:00,0.2,17.2,2.2,8,0,1,4,False,0.0,6,0.982777777777778,0.982777777777778,0.982777777777778,0.982777777777778,0.982777777777778,0.982777777777778,0.982777777777778,0.982777777777778,0.982777777777778,0.982777777777778,0.982777777777778,0.982777777777778,0.982777777777778,0.982777777777778,0.982777777777778,0.982777777777778,0.982777777777778,0.982777777777778,13
2022-06-28 05:00:00+00:00,1.0,17.0,2.0,8,1,1,5,False,0.0,6,0.9822222222222216,0.9822222222222216,0.9822222222222216,0.9822222222222216,0.9822222222222216,0.9822222222222216,0.9822222222222216,0.9822222222222216,0.9822222222222216,0.9822222222222216,0.9822222222222216,0.9822222222222216,0.9822222222222216,0.9822222222222216,0.9822222222222216,0.9822222222222216,0.9822222222222216,0.9822222222222216,13
2022-06-28 06:00:00+00:00,0.6,16.5,1.8,8,3,1,6,False,1.0,6,0.9913888888888892,0.9913888888888892,0.6386111111111111,0.6241666666666668,0.9913888888888892,0.9913888888888892,0.9913888888888892,0.9913888888888892,0.9913888888888892,0.9913888888888892,0.9913888888888892,0.9913888888888892,0.9913888888888892,0.9913888888888892,0.9913888888888892,0.9913888888888892,0.9913888888888892,0.9913888888888892,13
2022-06-28 07:00:00+00:00,0.0,16.7,2.6,8,5,1,7,False,3.0,6,0.9802777777777776,0.9802777777777776,0.9038888888888886,0.8805555555555553,0.9802777777777776,0.9802777777777776,0.9802777777777776,0.9802777777777776,0.9802777777777776,0.9802777777777776,0.9802777777777776,0.9802777777777776,0.9802777777777776,0.9802777777777776,0.9802777777777776,0.9802777777777776,0.9802777777777776,0.9802777777777776,13
2022-06-28 08:00:00+00:00,0.0,16.6,3.1,8,1,1,8,False,5.0,6,0.9494444444444446,0.9494444444444446,0.0,0.0,0.9494444444444446,0.9494444444444446,0.9494444444444446,0.9494444444444446,0.4127777777777778,0.3941666666666666,0.9494444444444446,0.9494444444444446,0.9494444444444446,0.9494444444444446,0.9494444444444446,0.9494444444444446,0.9494444444444446,0.9494444444444446,14
2022-06-28 09:00:00+00:00,0.0,16.1,3.4,8,0,1,9,False,1.0,6,0.9836111111111112,0.9836111111111112,0.5611111111111111,0.6644444444444446,0.9836111111111112,0.9836111111111112,0.9836111111111112,0.9836111111111112,0.0,0.0,0.9836111111111112,0.9836111111111112,0.9836111111111112,0.9836111111111112,0.9836111111111112,0.9836111111111112,0.2302777777777777,0.1708333333333333,22
2022-06-28 10:00:00+00:00,1.5,15.7,2.7,8,0,1,10,False,0.0,6,0.9866666666666666,0.9866666666666666,0.0,0.0,0.9866666666666666,0.9866666666666666,0.9866666666666666,0.9866666666666666,0.0991666666666666,0.1208333333333333,0.9866666666666666,0.9866666666666666,0.6002777777777778,0.5861111111111111,0.9866666666666666,0.9866666666666666,0.0,0.0,18
2022-06-28 11:00:00+00:00,0.1,15.8,3.4,8,3,1,11,False,0.0,6,0.9813888888888884,0.9813888888888884,0.09,0.0586111111111111,0.9813888888888884,0.9813888888888884,0.9813888888888884,0.9813888888888884,0.9813888888888884,0.9813888888888884,0.9813888888888884,0.9813888888888884,0.0,0.0,0.9813888888888884,0.9813888888888884,0.0,0.0,18
2022-06-28 12:00:00+00:00,0.0,17.3,3.1,8,1,1,12,False,3.0,6,0.9938888888888884,0.9938888888888884,0.0,0.0,0.9938888888888884,0.9938888888888884,0.9938888888888884,0.9938888888888884,0.9938888888888884,0.9938888888888884,0.9938888888888884,0.9938888888888884,0.7461111111111111,0.7599999999999999,0.9938888888888884,0.9938888888888884,0.0,0.0,18
2022-06-28 13:00:00+00:00,0.0,20.4,3.1,6,2,1,13,False,1.0,6,0.9811111111111112,0.9811111111111112,0.1608333333333333,0.1191666666666666,0.9811111111111112,0.9811111111111112,0.9811111111111112,0.9811111111111112,0.9811111111111112,0.9811111111111112,0.9811111111111112,0.9811111111111112,0.9811111111111112,0.9811111111111112,0.9811111111111112,0.9811111111111112,0.0,0.0,20
2022-06-28 14:00:00+00:00,0.1,21.2,2.8,6,4,1,14,False,2.0,6,0.9655555555555552,0.9655555555555552,0.0,0.0,0.9655555555555552,0.9655555555555552,0.3969444444444444,0.3819444444444444,0.1797222222222222,0.1655555555555555,0.9655555555555552,0.9655555555555552,0.0477777777777777,0.0327777777777777,0.9655555555555552,0.9655555555555552,0.0294444444444444,0.0361111111111111,22
2022-06-28 15:00:00+00:00,0.2,23.1,2.5,6,2,1,15,False,4.0,6,0.9777777777777776,0.9777777777777776,0.3552777777777777,0.3538888888888888,0.9777777777777776,0.9777777777777776,0.0,0.0,0.4180555555555556,0.4177777777777778,0.9777777777777776,0.9777777777777776,0.0,0.0,0.9777777777777776,0.9777777777777776,0.0,0.0,23
2022-06-28 16:00:00+00:00,0.1,22.6,4.3,3,2,1,16,False,2.0,6,0.9616666666666666,0.9616666666666666,0.7291666666666666,0.7158333333333333,0.9616666666666666,0.9616666666666666,0.1116666666666666,0.1358333333333333,0.6541666666666668,0.6519444444444444,0.9616666666666666,0.9616666666666666,0.0383333333333333,0.0294444444444444,0.9616666666666666,0.9616666666666666,0.3927777777777776,0.3777777777777777,25
2022-06-28 17:00:00+00:00,0.0,22.3,5.2,3,3,1,17,False,2.0,6,0.9991666666666666,0.9991666666666666,0.9408333333333332,0.9702777777777776,0.9991666666666666,0.9991666666666666,0.0288888888888888,0.0,0.8866666666666666,0.9161111111111112,0.9991666666666666,0.9991666666666666,0.2161111111111111,0.2847222222222222,0.9991666666666666,0.9991666666666666,0.9702777777777776,0.9991666666666666,9
2022-06-28 18:00:00+00:00,0.0,22.0,3.8,3,1,1,18,False,3.0,6,0.9805555555555556,0.9805555555555556,0.9805555555555556,0.9805555555555556,0.9805555555555556,0.9805555555555556,0.0,0.0,0.9805555555555556,0.9805555555555556,0.9805555555555556,0.9805555555555556,0.9805555555555556,0.9805555555555556,0.9805555555555556,0.9805555555555556,0.9805555555555556,0.9805555555555556,12
2022-06-28 19:00:00+00:00,0.1,20.6,4.2,1,4,1,19,False,1.0,6,0.9805555555555558,0.9805555555555558,0.9805555555555558,0.9805555555555558,0.9805555555555558,0.9805555555555558,0.0,0.0,0.9805555555555558,0.9805555555555558,0.9805555555555558,0.9805555555555558,0.9805555555555558,0.9805555555555558,0.9805555555555558,0.9805555555555558,0.3480555555555556,0.3325000000000001,11
2022-06-28 20:00:00+00:00,0.0,19.5,3.3,1,3,1,20,False,4.0,6,0.9641666666666668,0.9641666666666668,0.9641666666666668,0.9641666666666668,0.9641666666666668,0.9641666666666668,0.0,0.0,0.9641666666666668,0.9641666666666668,0.9641666666666668,0.9641666666666668,0.9641666666666668,0.9641666666666668,0.9641666666666668,0.9641666666666668,0.0,0.0,9
2022-06-28 21:00:00+00:00,0.1,18.4,2.1,1,2,1,21,False,3.0,6,0.9986111111111112,0.9986111111111112,0.9986111111111112,0.9986111111111112,0.9986111111111112,0.9986111111111112,0.1533333333333333,0.1463888888888888,0.9986111111111112,0.9986111111111112,0.9986111111111112,0.9986111111111112,0.9986111111111112,0.9986111111111112,0.9986111111111112,0.9986111111111112,0.2824999999999999,0.2969444444444444,13
2022-06-28 22:00:00+00:00,0.1,16.6,1.4,1,1,1,22,False,2.0,6,1.0000000000000002,1.0000000000000002,1.0000000000000002,1.0000000000000002,1.0000000000000002,1.0000000000000002,0.0,0.0,1.0000000000000002,1.0000000000000002,1.0000000000000002,1.0000000000000002,1.0000000000000002,1.0000000000000002,1.0000000000000002,1.0000000000000002,1.0000000000000002,1.0000000000000002,12
2022-06-28 23:00:00+00:00,0.0,15.3,1.9,1,0,1,23,False,1.0,6,0.9788888888888888,0.9788888888888888,0.9788888888888888,0.9788888888888888,0.9788888888888888,0.9788888888888888,0.0,0.0,0.9788888888888888,0.9788888888888888,0.9788888888888888,0.9788888888888888,0.9788888888888888,0.9788888888888888,0.9788888888888888,0.9788888888888888,0.9788888888888888,0.9788888888888888,15
2022-06-29 00:00:00+00:00,0.0,14.5,1.7,1,0,2,0,False,0.0,6,0.996111111111111,0.996111111111111,0.996111111111111,0.996111111111111,0.996111111111111,0.996111111111111,0.0,0.0,0.996111111111111,0.996111111111111,0.996111111111111,0.996111111111111,0.996111111111111,0.996111111111111,0.996111111111111,0.996111111111111,0.996111111111111,0.996111111111111,15
2022-06-29 01:00:00+00:00,0.0,13.3,1.3,1,0,2,1,False,0.0,6,0.9983333333333332,0.9983333333333332,0.9983333333333332,0.9983333333333332,0.9983333333333332,0.9983333333333332,0.0,0.0,0.9983333333333332,0.9983333333333332,0.9983333333333332,0.9983333333333332,0.9983333333333332,0.9983333333333332,0.9983333333333332,0.9983333333333332,0.9983333333333332,0.9983333333333332,16
2022-06-29 02:00:00+00:00,0.0,12.7,2.5,1,0,2,2,False,0.0,6,0.9833333333333332,0.9833333333333332,0.9833333333333332,0.9833333333333332,0.9833333333333332,0.9833333333333332,0.0,0.0,0.9833333333333332,0.9833333333333332,0.9833333333333332,0.9833333333333332,0.9833333333333332,0.9833333333333332,0.9833333333333332,0.9833333333333332,0.9833333333333332,0.9833333333333332,16
2022-06-29 03:00:00+00:00,0.0,12.3,1.6,1,0,2,3,False,0.0,6,0.9988888888888888,0.9988888888888888,0.9988888888888888,0.9988888888888888,0.9988888888888888,0.9988888888888888,0.0,0.0,0.9988888888888888,0.9988888888888888,0.9988888888888888,0.9988888888888888,0.9988888888888888,0.9988888888888888,0.9988888888888888,0.9988888888888888,0.9988888888888888,0.9988888888888888,16
2022-06-29 04:00:00+00:00,0.0,12.6,2.4,1,0,2,4,False,0.0,6,0.980277777777778,0.980277777777778,0.980277777777778,0.980277777777778,0.980277777777778,0.980277777777778,0.0,0.0,0.980277777777778,0.980277777777778,0.980277777777778,0.980277777777778,0.980277777777778,0.980277777777778,0.980277777777778,0.980277777777778,0.980277777777778,0.980277777777778,16
2022-06-29 05:00:00+00:00,0.0,13.2,2.7,1,0,2,5,False,0.0,6,0.9997222222222218,0.9997222222222218,0.9997222222222218,0.9997222222222218,0.9997222222222218,0.9997222222222218,0.0,0.0,0.9997222222222218,0.9997222222222218,0.9997222222222218,0.9997222222222218,0.9997222222222218,0.9997222222222218,0.9997222222222218,0.9997222222222218,0.9997222222222218,0.9997222222222218,16
2022-06-29 06:00:00+00:00,0.0,15.2,1.7,1,3,2,6,False,0.0,6,0.980277777777778,0.980277777777778,0.980277777777778,0.980277777777778,0.980277777777778,0.980277777777778,0.0,0.0,0.980277777777778,0.980277777777778,0.980277777777778,0.980277777777778,0.980277777777778,0.980277777777778,0.980277777777778,0.980277777777778,0.980277777777778,0.980277777777778,16
2022-06-29 07:00:00+00:00,0.0,15.0,2.1,7,1,2,7,False,3.0,6,0.9974999999999996,0.9974999999999996,0.7816666666666666,0.8338888888888889,0.9974999999999996,0.9974999999999996,0.0,0.0,0.9974999999999996,0.9974999999999996,0.9974999999999996,0.9974999999999996,0.9974999999999996,0.9974999999999996,0.9974999999999996,0.9974999999999996,0.9974999999999996,0.9974999999999996,18
2022-06-29 08:00:00+00:00,0.0,14.9,2.8,7,0,2,8,False,1.0,6,0.964722222222222,0.964722222222222,0.1172222222222222,0.1258333333333333,0.964722222222222,0.964722222222222,0.0,0.0,0.964722222222222,0.964722222222222,0.964722222222222,0.964722222222222,0.964722222222222,0.964722222222222,0.964722222222222,0.964722222222222,0.964722222222222,0.964722222222222,25
2022-06-29 09:00:00+00:00,0.0,16.5,2.9,7,2,2,9,False,0.0,6,0.9791666666666664,0.9791666666666664,0.0783333333333333,0.0594444444444444,0.9791666666666664,0.9791666666666664,0.2619444444444444,0.27,0.9791666666666664,0.9791666666666664,0.9791666666666664,0.9791666666666664,0.5505555555555554,0.5280555555555554,0.9791666666666664,0.9791666666666664,0.0038888888888888,0.0,26
2022-06-29 10:00:00+00:00,0.1,18.3,2.3,1,2,2,10,False,2.0,6,0.999444444444444,0.999444444444444,0.105,0.1044444444444444,0.999444444444444,0.999444444444444,0.5816666666666666,0.566111111111111,0.999444444444444,0.999444444444444,0.999444444444444,0.999444444444444,0.0,0.0,0.999444444444444,0.999444444444444,0.0,0.0,26
2022-06-29 11:00:00+00:00,0.0,21.2,1.7,1,0,2,11,False,2.0,6,0.9961111111111112,0.9961111111111112,0.0,0.0,0.9961111111111112,0.9961111111111112,0.0,0.0,0.9961111111111112,0.9961111111111112,0.9961111111111112,0.9961111111111112,0.2030555555555555,0.1961111111111111,0.9961111111111112,0.9961111111111112,0.0827777777777777,0.0977777777777777,26
2022-06-29 12:00:00+00:00,0.1,22.7,1.4,1,1,2,12,False,0.0,6,0.999444444444444,0.999444444444444,0.1374999999999999,0.1452777777777777,0.999444444444444,0.999444444444444,0.0,0.0,0.0791666666666666,0.0675,0.999444444444444,0.999444444444444,0.0,0.0,0.999444444444444,0.999444444444444,0.7299999999999999,0.729722222222222,27
2022-06-29 13:00:00+00:00,0.0,23.6,2.8,1,0,2,13,False,1.0,6,0.999166666666666,0.999166666666666,0.3252777777777777,0.3322222222222222,0.0452777777777777,0.0302777777777777,0.0161111111111111,0.0544444444444444,0.2630555555555555,0.2641666666666666,0.999166666666666,0.999166666666666,0.1955555555555555,0.2008333333333333,0.999166666666666,0.999166666666666,0.2149999999999999,0.1994444444444444,27
2022-06-29 14:00:00+00:00,0.0,23.7,3.1,1,2,2,14,False,0.0,6,0.9794444444444442,0.9794444444444442,0.1513888888888889,0.1455555555555555,0.0,0.0,0.1677777777777777,0.1455555555555555,0.2211111111111111,0.2213888888888888,0.9794444444444442,0.9794444444444442,0.0,0.0,0.9794444444444442,0.9794444444444442,0.1072222222222222,0.0925,27
2022-06-29 15:00:00+00:00,0.0,23.8,3.2,1,0,2,15,False,2.0,6,0.6163888888888888,0.6297222222222222,0.5533333333333333,0.5599999999999999,0.1372222222222222,0.1286111111111111,0.4269444444444444,0.4652777777777777,0.9430555555555554,0.9663888888888889,0.9766666666666666,0.9766666666666666,0.0,0.0,0.9766666666666666,0.9766666666666666,0.2430555555555555,0.2588888888888889,27
2022-06-29 16:00:00+00:00,0.1,22.9,4.2,2,0,2,16,False,0.0,6,0.9816666666666666,0.9816666666666666,0.7280555555555555,0.7116666666666666,0.6661111111111111,0.6888888888888889,0.9816666666666666,0.9816666666666666,0.9816666666666666,0.9816666666666666,0.9816666666666666,0.9816666666666666,0.3150000000000001,0.3372222222222223,0.9816666666666666,0.9816666666666666,0.9816666666666666,0.9816666666666666,27
2022-06-29 17:00:00+00:00,0.1,23.0,3.0,2,0,2,17,False,0.0,6,1.0,1.0,1.0,1.0,1.0,0.9544444444444444,1.0,1.0,1.0,1.0,1.0,1.0,0.0805555555555555,0.0652777777777777,1.0,1.0,1.0,1.0,14
2022-06-29 18:00:00+00:00,0.0,22.2,3.3,2,1,2,18,False,0.0,6,0.999722222222222,0.999722222222222,0.7124999999999998,0.7891666666666666,0.9366666666666664,0.9663888888888889,0.999722222222222,0.999722222222222,0.999722222222222,0.999722222222222,0.999722222222222,0.999722222222222,0.0,0.0,0.999722222222222,0.999722222222222,0.999722222222222,0.999722222222222,14
2022-06-29 19:00:00+00:00,0.0,21.6,2.5,2,2,2,19,False,1.0,6,0.9974999999999998,0.9974999999999998,0.9974999999999998,0.9974999999999998,0.9974999999999998,0.9974999999999998,0.9974999999999998,0.9974999999999998,0.9974999999999998,0.9974999999999998,0.9974999999999998,0.9974999999999998,0.0,0.0,0.9974999999999998,0.9974999999999998,0.9974999999999998,0.9974999999999998,19
2022-06-29 20:00:00+00:00,0.0,20.3,2.1,2,4,2,20,False,2.0,6,0.9991666666666664,0.9991666666666664,0.6999999999999998,0.6774999999999999,0.9991666666666664,0.9991666666666664,0.9991666666666664,0.9991666666666664,0.9991666666666664,0.9991666666666664,0.9991666666666664,0.9991666666666664,0.0,0.0,0.9991666666666664,0.9991666666666664,0.9991666666666664,0.9991666666666664,19
2022-06-29 21:00:00+00:00,0.0,19.2,1.8,2,0,2,21,False,4.0,6,0.9988888888888888,0.9988888888888888,0.8052777777777778,0.8205555555555555,0.9988888888888888,0.9988888888888888,0.9988888888888888,0.9988888888888888,0.9988888888888888,0.9988888888888888,0.9988888888888888,0.9988888888888888,0.0,0.0,0.9988888888888888,0.9988888888888888,0.9988888888888888,0.9988888888888888,22
2022-06-29 22:00:00+00:00,0.0,16.5,0.9,4,1,2,22,False,0.0,6,0.9799999999999998,0.9799999999999998,0.9799999999999998,0.9799999999999998,0.9799999999999998,0.9799999999999998,0.9799999999999998,0.9799999999999998,0.9799999999999998,0.9799999999999998,0.9799999999999998,0.9799999999999998,0.0,0.0,0.9799999999999998,0.9799999999999998,0.9799999999999998,0.9799999999999998,26
2022-06-29 23:00:00+00:00,0.0,14.6,1.2,4,0,2,23,False,1.0,6,0.9980555555555554,0.9980555555555554,0.9980555555555554,0.9980555555555554,0.9980555555555554,0.9980555555555554,0.9980555555555554,0.9980555555555554,0.9980555555555554,0.9980555555555554,0.9980555555555554,0.9980555555555554,0.5847222222222223,0.6072222222222223,0.9980555555555554,0.9980555555555554,0.9980555555555554,0.9980555555555554,22
2022-06-30 00:00:00+00:00,0.0,13.5,1.5,4,0,3,0,False,0.0,6,0.979722222222222,0.979722222222222,0.979722222222222,0.979722222222222,0.979722222222222,0.979722222222222,0.979722222222222,0.979722222222222,0.979722222222222,0.979722222222222,0.979722222222222,0.979722222222222,0.979722222222222,0.979722222222222,0.979722222222222,0.979722222222222,0.979722222222222,0.979722222222222,23
2022-06-30 01:00:00+00:00,0.0,12.9,1.5,4,0,3,1,False,0.0,6,0.949722222222222,0.949722222222222,0.949722222222222,0.949722222222222,0.949722222222222,0.949722222222222,0.949722222222222,0.949722222222222,0.949722222222222,0.949722222222222,0.949722222222222,0.949722222222222,0.949722222222222,0.949722222222222,0.949722222222222,0.949722222222222,0.949722222222222,0.949722222222222,22
2022-06-30 02:00:00+00:00,0.1,12.9,2.4,4,0,3,2,False,0.0,6,0.9991666666666664,0.9991666666666664,0.9991666666666664,0.9991666666666664,0.9991666666666664,0.9991666666666664,0.9991666666666664,0.9991666666666664,0.9991666666666664,0.9991666666666664,0.9991666666666664,0.9991666666666664,0.9991666666666664,0.9991666666666664,0.9991666666666664,0.9991666666666664,0.9991666666666664,0.9991666666666664,22
2022-06-30 03:00:00+00:00,0.1,12.6,1.2,4,0,3,3,False,0.0,6,0.9997222222222222,0.9997222222222222,0.9997222222222222,0.9997222222222222,0.9997222222222222,0.9997222222222222,0.9997222222222222,0.9997222222222222,0.9997222222222222,0.9997222222222222,0.9997222222222222,0.9997222222222222,0.9997222222222222,0.9997222222222222,0.9997222222222222,0.9997222222222222,0.9997222222222222,0.9997222222222222,22
2022-06-30 04:00:00+00:00,0.0,12.6,2.0,4,1,3,4,False,0.0,6,0.9991666666666668,0.9991666666666668,0.9991666666666668,0.9991666666666668,0.9991666666666668,0.9991666666666668,0.9991666666666668,0.9991666666666668,0.9991666666666668,0.9991666666666668,0.9991666666666668,0.9991666666666668,0.9991666666666668,0.9991666666666668,0.9991666666666668,0.9991666666666668,0.9991666666666668,0.9991666666666668,22
2022-06-30 05:00:00+00:00,0.0,14.1,1.0,4,2,3,5,False,1.0,6,0.9980555555555556,0.9980555555555556,0.9980555555555556,0.9980555555555556,0.9980555555555556,0.9980555555555556,0.9980555555555556,0.9980555555555556,0.9980555555555556,0.9980555555555556,0.9980555555555556,0.9980555555555556,0.9980555555555556,0.9980555555555556,0.9980555555555556,0.9980555555555556,0.9980555555555556,0.9980555555555556,22
2022-06-30 06:00:00+00:00,0.0,17.2,0.6,4,0,3,6,False,2.0,6,0.9966666666666668,0.9966666666666668,0.9966666666666668,0.9966666666666668,0.9966666666666668,0.9966666666666668,0.9005555555555556,0.8786111111111111,0.9966666666666668,0.9966666666666668,0.9966666666666668,0.9966666666666668,0.9966666666666668,0.9966666666666668,0.9966666666666668,0.9966666666666668,0.9966666666666668,0.9966666666666668,22
2022-06-30 07:00:00+00:00,0.0,19.2,0.5,1,0,3,7,False,0.0,6,0.9780555555555556,0.9780555555555556,0.8119444444444445,0.7905555555555556,0.9780555555555556,0.9780555555555556,0.0,0.0,0.9780555555555556,0.9780555555555556,0.9780555555555556,0.9780555555555556,0.9780555555555556,0.9780555555555556,0.9780555555555556,0.9780555555555556,0.9780555555555556,0.9780555555555556,21
2022-06-30 08:00:00+00:00,0.0,20.4,1.9,1,1,3,8,False,0.0,6,0.981944444444444,0.9680555555555552,0.2116666666666666,0.2116666666666666,0.9974999999999996,0.9974999999999996,0.0,0.0,0.2663888888888888,0.243611111111111,0.9974999999999996,0.9974999999999996,0.898333333333333,0.883333333333333,0.9974999999999996,0.9974999999999996,0.5774999999999998,0.5622222222222221,21
2022-06-30 09:00:00+00:00,0.0,22.3,1.6,1,1,3,9,False,1.0,6,0.956388888888889,0.9491666666666668,0.0,0.0,0.9791666666666669,0.9791666666666669,0.0,0.0,0.0155555555555555,0.0147222222222222,0.9791666666666669,0.9791666666666669,0.0,0.0,0.9791666666666669,0.9791666666666669,0.0,0.0,27
2022-06-30 10:00:00+00:00,0.0,23.9,1.2,1,0,3,10,False,1.0,6,0.38,0.3883333333333333,0.0302777777777777,0.0305555555555555,0.997222222222222,0.997222222222222,0.0,0.0,0.0311111111111111,0.0313888888888888,0.997222222222222,0.997222222222222,0.0,0.0,0.997222222222222,0.997222222222222,0.0,0.0,27
2022-06-30 11:00:00+00:00,0.0,24.5,2.5,1,2,3,11,False,0.0,6,0.0,0.0,0.1822222222222222,0.1908333333333333,0.9744444444444444,0.9744444444444444,0.0,0.0,0.0836111111111111,0.0841666666666666,0.9744444444444444,0.9744444444444444,0.0,0.0,0.9744444444444444,0.9744444444444444,0.0691666666666666,0.0680555555555555,27
2022-06-30 12:00:00+00:00,0.0,25.6,2.3,1,1,3,12,False,2.0,6,0.5655555555555556,0.5883333333333334,0.5644444444444445,0.5497222222222222,0.9838888888888888,0.9838888888888888,0.0,0.0,0.0,0.0,0.9838888888888888,0.9838888888888888,0.0,0.0,0.9838888888888888,0.9838888888888888,0.0,0.0,27
2022-06-30 13:00:00+00:00,0.1,25.9,3.0,1,2,3,13,False,1.0,6,1.0000000000000002,1.0000000000000002,0.3022222222222223,0.3191666666666667,1.0000000000000002,1.0000000000000002,0.0,0.0,0.0358333333333333,0.0316666666666666,1.0000000000000002,1.0000000000000002,0.0580555555555555,0.0733333333333333,1.0000000000000002,1.0000000000000002,0.0,0.0,27
2022-06-30 14:00:00+00:00,0.0,26.5,2.2,1,4,3,14,False,2.0,6,0.9813888888888886,0.9813888888888886,0.1872222222222222,0.18,0.9813888888888886,0.9813888888888886,0.0,0.0,0.0977777777777777,0.0972222222222222,0.9813888888888886,0.9813888888888886,0.1197222222222222,0.0977777777777777,0.9813888888888886,0.9813888888888886,0.0819444444444444,0.0819444444444444,25
2022-06-30 15:00:00+00:00,0.0,26.3,2.8,1,3,3,15,False,4.0,6,0.9975,0.9975,0.075,0.0738888888888888,0.9975,0.9975,0.4086111111111111,0.4997222222222222,0.4694444444444444,0.4944444444444444,0.9975,0.9975,0.0,0.0,0.9975,0.9975,0.0297222222222222,0.0672222222222222,26
2022-06-30 16:00:00+00:00,0.0,27.3,2.9,1,2,3,16,False,3.0,6,0.9088888888888886,0.9011111111111108,0.7413888888888888,0.7699999999999998,0.9988888888888886,0.9988888888888886,0.9988888888888886,0.9988888888888886,0.6336111111111111,0.6536111111111111,0.9988888888888886,0.9988888888888886,0.3308333333333333,0.3536111111111111,0.9988888888888886,0.9988888888888886,0.9988888888888886,0.9988888888888886,27
2022-06-30 17:00:00+00:00,0.0,26.5,2.9,1,2,3,17,False,2.0,6,0.6172222222222221,0.57,0.1491666666666666,0.1675,0.8977777777777778,0.8833333333333333,0.2430555555555555,0.2797222222222222,0.9808333333333334,0.9808333333333334,0.9808333333333334,0.9808333333333334,0.9808333333333334,0.9808333333333334,0.9808333333333334,0.9808333333333334,0.9808333333333334,0.9808333333333334,10
2022-06-30 18:00:00+00:00,0.0,26.7,2.3,1,4,3,18,False,2.0,6,0.0,0.0222222222222222,0.9016666666666666,0.9169444444444445,0.0,0.0,0.9513888888888888,0.9513888888888888,0.9513888888888888,0.9513888888888888,0.9513888888888888,0.9513888888888888,0.9513888888888888,0.9513888888888888,0.9513888888888888,0.9513888888888888,0.9513888888888888,0.9513888888888888,11
2022-06-30 19:00:00+00:00,0.0,25.7,2.7,1,0,3,19,False,4.0,6,0.6841666666666668,0.6683333333333334,0.9980555555555554,0.9980555555555554,0.4652777777777778,0.4886111111111112,0.9980555555555554,0.9980555555555554,0.9980555555555554,0.9980555555555554,0.9980555555555554,0.9980555555555554,0.9980555555555554,0.9980555555555554,0.9980555555555554,0.9980555555555554,0.9980555555555554,0.9980555555555554,18
2022-06-30 20:00:00+00:00,0.0,24.0,1.8,1,1,3,20,False,0.0,6,0.4930555555555557,0.5075000000000001,0.9636111111111112,0.9636111111111112,0.95,0.9636111111111112,0.9636111111111112,0.9636111111111112,0.6486111111111111,0.6422222222222222,0.9636111111111112,0.9636111111111112,0.9636111111111112,0.9636111111111112,0.9636111111111112,0.9636111111111112,0.9636111111111112,0.9636111111111112,17
2022-06-30 21:00:00+00:00,0.0,23.0,0.6,1,2,3,21,False,1.0,6,0.9605555555555556,0.9605555555555556,0.9605555555555556,0.9605555555555556,0.9605555555555556,0.9605555555555556,0.9605555555555556,0.9605555555555556,0.9605555555555556,0.9605555555555556,0.9605555555555556,0.9605555555555556,0.9605555555555556,0.9605555555555556,0.9605555555555556,0.9605555555555556,0.9605555555555556,0.9605555555555556,15
2022-06-30 22:00:00+00:00,0.0,21.0,1.6,6,1,3,22,False,2.0,6,0.9991666666666666,0.9991666666666666,0.9991666666666666,0.9991666666666666,0.9991666666666666,0.9991666666666666,0.9991666666666666,0.9991666666666666,0.9991666666666666,0.9991666666666666,0.9991666666666666,0.9991666666666666,0.9991666666666666,0.9991666666666666,0.9991666666666666,0.9991666666666666,0.9991666666666666,0.9991666666666666,16
2022-06-30 23:00:00+00:00,0.0,19.4,1.6,6,0,3,23,False,1.0,6,0.9788888888888884,0.9788888888888884,0.9788888888888884,0.9788888888888884,0.9788888888888884,0.9788888888888884,0.9788888888888884,0.9788888888888884,0.9788888888888884,0.9788888888888884,0.5624999999999998,0.562222222222222,0.185,0.1636111111111111,0.9788888888888884,0.9788888888888884,0.9788888888888884,0.9788888888888884,16
2022-06-07 00:00:00+00:00,0.0,13.2,2.1,3,0,1,0,False,0.0,6,0.9827777777777772,0.9827777777777772,0.9827777777777772,0.9827777777777772,0.9827777777777772,0.9827777777777772,0.9827777777777772,0.9827777777777772,0.9827777777777772,0.9827777777777772,0.9827777777777772,0.9827777777777772,0.9827777777777772,0.9827777777777772,0.9827777777777772,0.9827777777777772,0.9827777777777772,0.9827777777777772,21
2022-06-07 01:00:00+00:00,0.0,12.7,1.7,3,0,1,1,False,0.0,6,0.9894444444444446,0.9894444444444446,0.9894444444444446,0.9894444444444446,0.9894444444444446,0.9894444444444446,0.9894444444444446,0.9894444444444446,0.9894444444444446,0.9894444444444446,0.9894444444444446,0.9894444444444446,0.9894444444444446,0.9894444444444446,0.9894444444444446,0.9894444444444446,0.9894444444444446,0.9894444444444446,19
2022-06-07 02:00:00+00:00,0.0,11.8,1.4,3,0,1,2,False,0.0,6,0.9825,0.9825,0.9825,0.9825,0.9825,0.9825,0.9825,0.9825,0.9825,0.9825,0.9825,0.9825,0.9825,0.9825,0.9825,0.9825,0.9825,0.9825,19
2022-06-07 03:00:00+00:00,0.0,10.3,0.6,3,0,1,3,False,0.0,6,0.9849999999999998,0.9849999999999998,0.9849999999999998,0.9849999999999998,0.9849999999999998,0.9849999999999998,0.9849999999999998,0.9849999999999998,0.9849999999999998,0.9849999999999998,0.9849999999999998,0.9849999999999998,0.9849999999999998,0.9849999999999998,0.9849999999999998,0.9849999999999998,0.9849999999999998,0.9849999999999998,19
2022-06-07 04:00:00+00:00,0.0,9.8,1.4,3,0,1,4,False,0.0,6,0.9844444444444445,0.9844444444444445,0.9844444444444445,0.9844444444444445,0.9844444444444445,0.9844444444444445,0.9844444444444445,0.9844444444444445,0.9844444444444445,0.9844444444444445,0.9844444444444445,0.9844444444444445,0.9844444444444445,0.9844444444444445,0.9844444444444445,0.9844444444444445,0.9844444444444445,0.9844444444444445,19
2022-06-07 05:00:00+00:00,0.0,11.7,1.3,3,2,1,5,False,0.0,6,0.98,0.98,0.98,0.98,0.98,0.98,0.98,0.98,0.98,0.98,0.98,0.98,0.98,0.98,0.98,0.98,0.98,0.98,19
2022-06-07 06:00:00+00:00,0.0,13.7,1.8,3,3,1,6,False,2.0,6,0.9891666666666667,0.9891666666666667,0.9891666666666667,0.9891666666666667,0.9891666666666667,0.9891666666666667,0.9891666666666667,0.9891666666666667,0.9891666666666667,0.9891666666666667,0.9891666666666667,0.9891666666666667,0.9891666666666667,0.9891666666666667,0.9891666666666667,0.9891666666666667,0.9891666666666667,0.9891666666666667,19
2022-06-07 07:00:00+00:00,0.0,15.4,1.3,2,1,1,7,False,3.0,6,0.9811111111111112,0.9811111111111112,0.7102777777777778,0.6627777777777778,0.9811111111111112,0.9811111111111112,0.9811111111111112,0.9811111111111112,0.5122222222222224,0.4947222222222223,0.9811111111111112,0.9811111111111112,0.9811111111111112,0.9811111111111112,0.9811111111111112,0.9811111111111112,0.9811111111111112,0.9811111111111112,19
2022-06-07 08:00:00+00:00,0.0,17.1,2.1,2,0,1,8,False,1.0,6,0.9875,0.9875,0.1786111111111111,0.2430555555555555,0.9875,0.9875,0.9875,0.9875,0.0,0.0,0.6183333333333334,0.6108333333333335,0.9875,0.9875,0.9875,0.9875,0.571388888888889,0.5555555555555556,25
2022-06-07 09:00:00+00:00,0.0,17.6,4.2,2,0,1,9,False,0.0,6,0.9791666666666664,0.9791666666666664,0.7694444444444446,0.7622222222222224,0.9791666666666664,0.9791666666666664,0.9791666666666664,0.9791666666666664,0.0983333333333333,0.0972222222222222,0.0,0.0,0.9791666666666664,0.9627777777777776,0.9791666666666664,0.9791666666666664,0.0,0.0,27
2022-06-07 10:00:00+00:00,0.0,19.3,3.3,5,1,1,10,False,0.0,6,0.9797222222222216,0.9797222222222216,0.4236111111111111,0.4166666666666667,0.9797222222222216,0.9797222222222216,0.3172222222222222,0.2799999999999999,0.0,0.0,0.1194444444444444,0.1347222222222222,0.0,0.0,0.9797222222222216,0.9797222222222216,0.0,0.0,27
2022-06-07 11:00:00+00:00,0.0,19.0,4.2,5,0,1,11,False,1.0,6,0.9916666666666668,0.9916666666666668,0.9916666666666668,0.9916666666666668,0.9916666666666668,0.9916666666666668,0.0958333333333333,0.1177777777777777,0.8533333333333334,0.8683333333333333,0.9916666666666668,0.9916666666666668,0.6566666666666666,0.6722222222222222,0.9916666666666668,0.9916666666666668,0.8236111111111112,0.8461111111111111,27
2022-06-07 12:00:00+00:00,0.0,19.5,4.3,5,1,1,12,False,0.0,6,0.9297222222222224,0.9297222222222224,0.6422222222222222,0.6741666666666667,0.9297222222222224,0.9297222222222224,0.9297222222222224,0.9297222222222224,0.9147222222222224,0.9147222222222224,0.9297222222222224,0.9297222222222224,0.9297222222222224,0.9297222222222224,0.9297222222222224,0.9297222222222224,0.9297222222222224,0.9297222222222224,27
2022-06-07 13:00:00+00:00,0.0,20.0,2.7,6,5,1,13,False,1.0,6,0.718611111111111,0.7038888888888888,0.5333333333333333,0.5177777777777778,0.9666666666666666,0.9666666666666666,0.9666666666666666,0.9666666666666666,0.9061111111111112,0.9063888888888888,0.9666666666666666,0.9666666666666666,0.9666666666666666,0.9666666666666666,0.9666666666666666,0.9666666666666666,0.9666666666666666,0.9666666666666666,26
2022-06-07 14:00:00+00:00,0.0,20.7,4.4,6,5,1,14,False,5.0,6,0.6691666666666666,0.7680555555555556,0.9797222222222222,0.9797222222222222,0.9797222222222222,0.9797222222222222,0.9111111111111112,0.8813888888888889,0.7241666666666665,0.6399999999999999,0.9797222222222222,0.9797222222222222,0.9797222222222222,0.9797222222222222,0.9797222222222222,0.9797222222222222,0.9797222222222222,0.9797222222222222,27
2022-06-07 15:00:00+00:00,0.0,19.6,4.7,6,0,1,15,False,5.0,6,0.9788888888888888,0.9788888888888888,0.9788888888888888,0.9788888888888888,0.9788888888888888,0.9788888888888888,0.4655555555555555,0.4933333333333334,0.8208333333333334,0.788888888888889,0.9788888888888888,0.9788888888888888,0.9788888888888888,0.9788888888888888,0.9788888888888888,0.9788888888888888,0.9788888888888888,0.9788888888888888,26
2022-06-07 16:00:00+00:00,0.0,17.6,6.6,7,0,1,16,False,0.0,6,0.9636111111111112,0.9636111111111112,0.8791666666666667,0.8791666666666667,0.9636111111111112,0.9636111111111112,0.1586111111111111,0.2263888888888889,0.8563888888888889,0.8838888888888887,0.9636111111111112,0.9636111111111112,0.9636111111111112,0.9636111111111112,0.9636111111111112,0.9636111111111112,0.9636111111111112,0.9636111111111112,21
2022-06-07 17:00:00+00:00,0.0,15.8,3.7,7,2,1,17,False,0.0,6,0.9858333333333332,0.9858333333333332,0.9858333333333332,0.9858333333333332,0.9858333333333332,0.9858333333333332,0.9183333333333332,0.932222222222222,0.9858333333333332,0.9858333333333332,0.9858333333333332,0.9858333333333332,0.9858333333333332,0.9858333333333332,0.9858333333333332,0.9858333333333332,0.9858333333333332,0.9858333333333332,17
2022-06-07 18:00:00+00:00,0.3,13.9,3.8,7,3,1,18,False,2.0,6,0.984722222222222,0.984722222222222,0.7541666666666668,0.7461111111111112,0.984722222222222,0.984722222222222,0.984722222222222,0.984722222222222,0.984722222222222,0.984722222222222,0.984722222222222,0.984722222222222,0.984722222222222,0.984722222222222,0.984722222222222,0.984722222222222,0.984722222222222,0.984722222222222,18
2022-06-07 19:00:00+00:00,1.9,11.9,2.5,8,2,1,19,False,3.0,6,0.9830555555555556,0.9830555555555556,0.9830555555555556,0.9830555555555556,0.9830555555555556,0.9830555555555556,0.9830555555555556,0.9830555555555556,0.4061111111111111,0.3680555555555556,0.9830555555555556,0.9830555555555556,0.9830555555555556,0.9830555555555556,0.9830555555555556,0.9830555555555556,0.9830555555555556,0.9830555555555556,20
2022-06-07 20:00:00+00:00,1.1,12.0,1.9,8,0,1,20,False,2.0,6,0.9636111111111112,0.9636111111111112,0.9033333333333332,0.8883333333333333,0.9636111111111112,0.9636111111111112,0.9636111111111112,0.9636111111111112,0.826111111111111,0.8558333333333333,0.9636111111111112,0.9636111111111112,0.9636111111111112,0.9636111111111112,0.9636111111111112,0.9636111111111112,0.9636111111111112,0.9636111111111112,18
2022-06-07 21:00:00+00:00,0.6,11.8,3.9,8,0,1,21,False,0.0,6,0.9880555555555548,0.9880555555555548,0.3188888888888889,0.3416666666666667,0.9880555555555548,0.9880555555555548,0.9880555555555548,0.9880555555555548,0.9880555555555548,0.9880555555555548,0.9880555555555548,0.9880555555555548,0.9880555555555548,0.9880555555555548,0.9880555555555548,0.9880555555555548,0.9880555555555548,0.9880555555555548,16
2022-06-07 22:00:00+00:00,0.6,11.8,2.8,8,0,1,22,False,0.0,6,0.9666666666666668,0.9666666666666668,0.9666666666666668,0.9666666666666668,0.9666666666666668,0.9666666666666668,0.9666666666666668,0.9666666666666668,0.9666666666666668,0.9666666666666668,0.9666666666666668,0.9666666666666668,0.9666666666666668,0.9666666666666668,0.9666666666666668,0.9666666666666668,0.9666666666666668,0.9666666666666668,16
2022-06-07 23:00:00+00:00,1.1,12.2,1.6,8,0,1,23,False,0.0,6,0.9841666666666666,0.9841666666666666,0.9841666666666666,0.9841666666666666,0.9841666666666666,0.9841666666666666,0.9841666666666666,0.9841666666666666,0.9841666666666666,0.9841666666666666,0.9841666666666666,0.9841666666666666,0.9841666666666666,0.9841666666666666,0.9841666666666666,0.9841666666666666,0.9841666666666666,0.9841666666666666,16
2022-06-08 00:00:00+00:00,0.0,12.7,1.0,2,0,2,0,False,0.0,6,0.9636111111111112,0.9636111111111112,0.9636111111111112,0.9636111111111112,0.9636111111111112,0.9636111111111112,0.9636111111111112,0.9636111111111112,0.9636111111111112,0.9636111111111112,0.9636111111111112,0.9636111111111112,0.9636111111111112,0.9636111111111112,0.9636111111111112,0.9636111111111112,0.9636111111111112,0.9636111111111112,17
2022-06-08 01:00:00+00:00,0.0,11.7,0.9,2,0,2,1,False,0.0,6,0.9847222222222224,0.9847222222222224,0.9847222222222224,0.9847222222222224,0.9847222222222224,0.9847222222222224,0.9847222222222224,0.9847222222222224,0.9847222222222224,0.9847222222222224,0.9847222222222224,0.9847222222222224,0.9847222222222224,0.9847222222222224,0.9847222222222224,0.9847222222222224,0.9847222222222224,0.9847222222222224,17
2022-06-08 02:00:00+00:00,0.0,11.8,2.7,2,0,2,2,False,0.0,6,0.9850000000000004,0.9850000000000004,0.9850000000000004,0.9850000000000004,0.9850000000000004,0.9850000000000004,0.9850000000000004,0.9850000000000004,0.9850000000000004,0.9850000000000004,0.9850000000000004,0.9850000000000004,0.9850000000000004,0.9850000000000004,0.9850000000000004,0.9850000000000004,0.9850000000000004,0.9850000000000004,17
2022-06-08 03:00:00+00:00,0.0,11.4,1.8,2,0,2,3,False,0.0,6,0.9908333333333336,0.9908333333333336,0.9908333333333336,0.9908333333333336,0.9908333333333336,0.9908333333333336,0.9908333333333336,0.9908333333333336,0.9908333333333336,0.9908333333333336,0.9908333333333336,0.9908333333333336,0.9908333333333336,0.9908333333333336,0.9908333333333336,0.9908333333333336,0.9908333333333336,0.9908333333333336,17
2022-06-08 04:00:00+00:00,0.0,10.7,2.0,2,0,2,4,False,0.0,6,0.9786111111111112,0.9786111111111112,0.9786111111111112,0.9786111111111112,0.9786111111111112,0.9786111111111112,0.9786111111111112,0.9786111111111112,0.9786111111111112,0.9786111111111112,0.9786111111111112,0.9786111111111112,0.9786111111111112,0.9786111111111112,0.9786111111111112,0.9786111111111112,0.9786111111111112,0.9786111111111112,17
2022-06-08 05:00:00+00:00,0.0,10.5,2.9,2,0,2,5,False,0.0,6,0.9824999999999998,0.9824999999999998,0.9824999999999998,0.9824999999999998,0.9824999999999998,0.9824999999999998,0.9824999999999998,0.9824999999999998,0.9824999999999998,0.9824999999999998,0.9824999999999998,0.9824999999999998,0.9824999999999998,0.9824999999999998,0.9824999999999998,0.9824999999999998,0.9824999999999998,0.9824999999999998,17
2022-06-08 06:00:00+00:00,0.0,11.2,1.5,2,0,2,6,False,0.0,6,0.9941666666666664,0.9941666666666664,0.4941666666666667,0.5091666666666667,0.9941666666666664,0.9941666666666664,0.9941666666666664,0.9941666666666664,0.9941666666666664,0.9941666666666664,0.9941666666666664,0.9941666666666664,0.9941666666666664,0.9941666666666664,0.9941666666666664,0.9941666666666664,0.9941666666666664,0.9941666666666664,18
2022-06-08 07:00:00+00:00,0.0,13.7,2.4,6,0,2,7,False,0.0,6,0.9761111111111112,0.9761111111111112,0.4155555555555555,0.3955555555555555,0.9761111111111112,0.9761111111111112,0.9761111111111112,0.9761111111111112,0.9761111111111112,0.9761111111111112,0.9761111111111112,0.9761111111111112,0.9761111111111112,0.9761111111111112,0.9761111111111112,0.9761111111111112,0.9761111111111112,0.9761111111111112,19
2022-06-08 08:00:00+00:00,0.0,13.6,1.8,6,2,2,8,False,0.0,6,0.9886111111111108,0.9886111111111108,0.5677777777777777,0.5183333333333333,0.9886111111111108,0.9886111111111108,0.9886111111111108,0.9886111111111108,0.9416666666666664,0.870833333333333,0.9886111111111108,0.9886111111111108,0.9886111111111108,0.9886111111111108,0.9886111111111108,0.9886111111111108,0.9886111111111108,0.9886111111111108,22
2022-06-08 09:00:00+00:00,0.0,16.7,2.6,6,0,2,9,False,2.0,6,0.9813888888888886,0.9813888888888886,0.6783333333333331,0.6938888888888887,0.9813888888888886,0.9813888888888886,0.9813888888888886,0.9813888888888886,0.0,0.0,0.9813888888888886,0.9813888888888886,0.9813888888888886,0.9813888888888886,0.9813888888888886,0.9813888888888886,0.9813888888888886,0.9813888888888886,25
2022-06-08 10:00:00+00:00,0.0,17.8,2.3,2,1,2,10,False,0.0,6,0.99,0.99,0.99,0.9525,0.99,0.99,0.99,0.99,0.8883333333333334,0.902777777777778,0.99,0.99,0.99,0.99,0.99,0.99,0.99,0.99,27
2022-06-08 11:00:00+00:00,0.0,19.1,3.3,2,1,2,11,False,1.0,6,0.9905555555555556,0.9905555555555556,0.0733333333333333,0.0869444444444444,0.9905555555555556,0.9905555555555556,0.9905555555555556,0.9905555555555556,0.6386111111111111,0.6022222222222222,0.9905555555555556,0.9905555555555556,0.9905555555555556,0.9905555555555556,0.9905555555555556,0.9905555555555556,0.9905555555555556,0.9905555555555556,26
2022-06-08 12:00:00+00:00,0.0,18.8,4.6,2,1,2,12,False,1.0,6,0.9855555555555554,0.9855555555555554,0.0,0.0,0.9855555555555554,0.9855555555555554,0.9855555555555554,0.9855555555555554,0.4533333333333333,0.488611111111111,0.9855555555555554,0.9855555555555554,0.9855555555555554,0.9855555555555554,0.9855555555555554,0.9855555555555554,0.9855555555555554,0.9855555555555554,27
2022-06-08 13:00:00+00:00,0.0,19.0,3.2,6,1,2,13,False,1.0,6,0.9630555555555556,0.9630555555555556,0.4216666666666666,0.4433333333333333,0.9630555555555556,0.9630555555555556,0.9630555555555556,0.9630555555555556,0.9630555555555556,0.9630555555555556,0.9630555555555556,0.9630555555555556,0.9630555555555556,0.9630555555555556,0.9630555555555556,0.9630555555555556,0.9630555555555556,0.9630555555555556,27
2022-06-08 14:00:00+00:00,0.0,19.9,3.3,6,2,2,14,False,1.0,6,0.9991666666666666,0.9991666666666666,0.9991666666666666,0.9991666666666666,0.9991666666666666,0.9991666666666666,0.9991666666666666,0.9991666666666666,0.9991666666666666,0.9991666666666666,0.9991666666666666,0.9991666666666666,0.9991666666666666,0.9991666666666666,0.9991666666666666,0.9991666666666666,0.9991666666666666,0.9991666666666666,26
2022-06-08 15:00:00+00:00,0.0,20.3,1.8,6,0,2,15,False,2.0,6,0.9861111111111108,0.9861111111111108,0.9861111111111108,0.9861111111111108,0.9861111111111108,0.9861111111111108,0.9861111111111108,0.9861111111111108,0.9861111111111108,0.9861111111111108,0.9861111111111108,0.9861111111111108,0.9861111111111108,0.9861111111111108,0.9861111111111108,0.9861111111111108,0.9861111111111108,0.9861111111111108,26
2022-06-08 16:00:00+00:00,0.0,21.4,2.0,6,2,2,16,False,0.0,6,0.9794444444444445,0.9794444444444445,0.9280555555555556,0.9569444444444444,0.9794444444444445,0.9794444444444445,0.9794444444444445,0.9794444444444445,0.9794444444444445,0.9794444444444445,0.9794444444444445,0.9794444444444445,0.9794444444444445,0.9794444444444445,0.9794444444444445,0.9794444444444445,0.9794444444444445,0.9794444444444445,25
2022-06-08 17:00:00+00:00,0.0,20.8,3.2,6,0,2,17,False,2.0,6,0.9852777777777774,0.9852777777777774,0.9852777777777774,0.9852777777777774,0.9852777777777774,0.9852777777777774,0.9852777777777774,0.9852777777777774,0.9852777777777774,0.9852777777777774,0.9852777777777774,0.9852777777777774,0.9852777777777774,0.9852777777777774,0.9852777777777774,0.9852777777777774,0.9852777777777774,0.9852777777777774,23
2022-06-08 18:00:00+00:00,0.0,20.2,3.0,6,3,2,18,False,0.0,6,0.9872222222222222,0.9872222222222222,0.9872222222222222,0.9872222222222222,0.9872222222222222,0.9872222222222222,0.9872222222222222,0.9872222222222222,0.9872222222222222,0.9872222222222222,0.9872222222222222,0.9872222222222222,0.9872222222222222,0.9872222222222222,0.9872222222222222,0.9872222222222222,0.9872222222222222,0.9872222222222222,25
2022-06-08 19:00:00+00:00,0.0,18.5,4.4,2,1,2,19,False,3.0,6,0.9913888888888888,0.9913888888888888,0.9913888888888888,0.9913888888888888,0.9913888888888888,0.9913888888888888,0.9913888888888888,0.9913888888888888,0.9913888888888888,0.9913888888888888,0.9913888888888888,0.9913888888888888,0.9913888888888888,0.9913888888888888,0.9913888888888888,0.9913888888888888,0.9913888888888888,0.9913888888888888,23
2022-06-08 20:00:00+00:00,0.0,16.2,3.7,2,1,2,20,False,1.0,6,0.9908333333333332,0.9908333333333332,0.9908333333333332,0.9908333333333332,0.9908333333333332,0.9908333333333332,0.9908333333333332,0.9908333333333332,0.9908333333333332,0.9908333333333332,0.9908333333333332,0.9908333333333332,0.9908333333333332,0.9908333333333332,0.9908333333333332,0.9908333333333332,0.9908333333333332,0.9908333333333332,24
2022-06-08 21:00:00+00:00,0.0,14.0,3.2,2,1,2,21,False,1.0,6,0.9341666666666668,0.9341666666666668,0.9341666666666668,0.9341666666666668,0.9341666666666668,0.9341666666666668,0.9341666666666668,0.9341666666666668,0.9341666666666668,0.9341666666666668,0.9341666666666668,0.9341666666666668,0.9341666666666668,0.9341666666666668,0.9341666666666668,0.9341666666666668,0.9341666666666668,0.9341666666666668,21
2022-06-08 22:00:00+00:00,0.0,13.2,1.8,1,0,2,22,False,1.0,6,0.9875,0.9875,0.9875,0.9875,0.9875,0.9875,0.9875,0.9875,0.9875,0.9875,0.9875,0.9875,0.9875,0.9875,0.9875,0.9875,0.9875,0.9875,19
2022-06-08 23:00:00+00:00,0.0,11.9,1.4,1,0,2,23,False,0.0,6,0.9894444444444443,0.9894444444444443,0.9894444444444443,0.9894444444444443,0.9894444444444443,0.9894444444444443,0.9894444444444443,0.9894444444444443,0.9894444444444443,0.9894444444444443,0.9894444444444443,0.9894444444444443,0.9894444444444443,0.9894444444444443,0.9894444444444443,0.9894444444444443,0.9894444444444443,0.9894444444444443,19
2022-06-09 00:00:00+00:00,0.0,9.4,1.8,1,0,3,0,False,0.0,6,0.9802777777777776,0.9802777777777776,0.9802777777777776,0.9802777777777776,0.9802777777777776,0.9802777777777776,0.9802777777777776,0.9802777777777776,0.9802777777777776,0.9802777777777776,0.9802777777777776,0.9802777777777776,0.9802777777777776,0.9802777777777776,0.9802777777777776,0.9802777777777776,0.9802777777777776,0.9802777777777776,18
2022-06-09 01:00:00+00:00,0.0,9.2,2.2,1,0,3,1,False,0.0,6,0.983888888888889,0.983888888888889,0.983888888888889,0.983888888888889,0.983888888888889,0.983888888888889,0.983888888888889,0.983888888888889,0.983888888888889,0.983888888888889,0.983888888888889,0.983888888888889,0.983888888888889,0.983888888888889,0.983888888888889,0.983888888888889,0.983888888888889,0.983888888888889,19
2022-06-09 02:00:00+00:00,0.0,9.1,2.1,1,0,3,2,False,0.0,6,0.9891666666666667,0.9891666666666667,0.9891666666666667,0.9891666666666667,0.9891666666666667,0.9891666666666667,0.9891666666666667,0.9891666666666667,0.9891666666666667,0.9891666666666667,0.9891666666666667,0.9891666666666667,0.9891666666666667,0.9891666666666667,0.9891666666666667,0.9891666666666667,0.9891666666666667,0.9891666666666667,19
2022-06-09 03:00:00+00:00,0.0,8.3,1.9,1,0,3,3,False,0.0,6,0.98,0.98,0.98,0.98,0.98,0.98,0.98,0.98,0.98,0.98,0.98,0.98,0.98,0.98,0.98,0.98,0.98,0.98,19
2022-06-09 04:00:00+00:00,0.0,8.1,1.8,1,0,3,4,False,0.0,6,0.9736111111111108,0.9736111111111108,0.9736111111111108,0.9736111111111108,0.9736111111111108,0.9736111111111108,0.9736111111111108,0.9736111111111108,0.9736111111111108,0.9736111111111108,0.9736111111111108,0.9736111111111108,0.9736111111111108,0.9736111111111108,0.9736111111111108,0.9736111111111108,0.9736111111111108,0.9736111111111108,19
2022-06-09 05:00:00+00:00,0.0,7.9,1.8,1,1,3,5,False,0.0,6,0.9697222222222224,0.9697222222222224,0.9697222222222224,0.9697222222222224,0.9697222222222224,0.9697222222222224,0.9697222222222224,0.9697222222222224,0.9697222222222224,0.9697222222222224,0.9697222222222224,0.9697222222222224,0.9697222222222224,0.9697222222222224,0.9697222222222224,0.9697222222222224,0.9697222222222224,0.9697222222222224,19
2022-06-09 06:00:00+00:00,0.0,7.6,1.6,1,0,3,6,False,1.0,6,0.985277777777778,0.985277777777778,0.6847222222222225,0.6691666666666669,0.985277777777778,0.985277777777778,0.985277777777778,0.985277777777778,0.8025000000000002,0.7808333333333336,0.985277777777778,0.985277777777778,0.985277777777778,0.985277777777778,0.985277777777778,0.985277777777778,0.985277777777778,0.985277777777778,20
2022-06-09 07:00:00+00:00,0.0,10.5,0.5,2,1,3,7,False,0.0,6,0.9830555555555556,0.9830555555555556,0.5419444444444443,0.5647222222222221,0.9830555555555556,0.9830555555555556,0.9830555555555556,0.9830555555555556,0.6091666666666665,0.6316666666666666,0.9830555555555556,0.9830555555555556,0.9830555555555556,0.9830555555555556,0.9830555555555556,0.9830555555555556,0.9830555555555556,0.9830555555555556,21
2022-06-09 08:00:00+00:00,0.0,12.8,0.8,2,0,3,8,False,1.0,6,0.9880555555555556,0.9880555555555556,0.2799999999999999,0.3044444444444444,0.9880555555555556,0.9880555555555556,0.9880555555555556,0.9880555555555556,0.9725,0.9477777777777776,0.9880555555555556,0.9880555555555556,0.9880555555555556,0.9880555555555556,0.9163888888888888,0.8697222222222222,0.9880555555555556,0.9880555555555556,26
2022-06-09 09:00:00+00:00,0.0,14.8,1.0,2,0,3,9,False,0.0,6,0.9938888888888888,0.9938888888888888,0.3536111111111111,0.3386111111111111,0.9938888888888888,0.9938888888888888,0.7230555555555555,0.7074999999999999,0.4241666666666666,0.4472222222222222,0.9938888888888888,0.9938888888888888,0.9938888888888888,0.9938888888888888,0.0,0.0,0.3238888888888889,0.3088888888888889,27
2022-06-09 10:00:00+00:00,0.0,15.9,1.6,2,2,3,10,False,0.0,6,0.9838888888888888,0.9838888888888888,0.0677777777777777,0.06,0.9838888888888888,0.9838888888888888,0.0761111111111111,0.0991666666666666,0.0849999999999999,0.0699999999999999,0.9838888888888888,0.9838888888888888,0.9838888888888888,0.9838888888888888,0.3625,0.3858333333333333,0.0616666666666666,0.0694444444444444,27
2022-06-09 11:00:00+00:00,0.0,17.7,1.8,2,0,3,11,False,2.0,6,0.964722222222222,0.964722222222222,0.1372222222222222,0.145,0.964722222222222,0.964722222222222,0.964722222222222,0.964722222222222,0.0688888888888888,0.0536111111111111,0.964722222222222,0.964722222222222,0.964722222222222,0.964722222222222,0.2547222222222222,0.2694444444444444,0.7930555555555555,0.8163888888888888,27
2022-06-09 12:00:00+00:00,0.0,19.7,2.3,2,2,3,12,False,0.0,6,0.9922222222222224,0.9922222222222224,0.9922222222222224,0.9922222222222224,0.9922222222222224,0.9922222222222224,0.9922222222222224,0.9922222222222224,0.8402777777777778,0.8480555555555556,0.9922222222222224,0.9922222222222224,0.9922222222222224,0.9922222222222224,0.9922222222222224,0.9922222222222224,0.9922222222222224,0.9922222222222224,27
2022-06-09 13:00:00+00:00,0.0,19.7,3.2,3,3,3,13,False,2.0,6,0.992222222222222,0.992222222222222,0.5522222222222222,0.5375,0.992222222222222,0.992222222222222,0.992222222222222,0.992222222222222,0.7669444444444444,0.7511111111111111,0.992222222222222,0.992222222222222,0.992222222222222,0.992222222222222,0.1,0.0691666666666666,0.992222222222222,0.992222222222222,27
2022-06-09 14:00:00+00:00,0.0,21.0,2.2,3,5,3,14,False,3.0,6,0.9474999999999998,0.9330555555555552,0.2327777777777777,0.226111111111111,0.9916666666666664,0.9916666666666664,0.9916666666666664,0.9916666666666664,0.0,0.0,0.9916666666666664,0.9916666666666664,0.9916666666666664,0.9916666666666664,0.0,0.0,0.9916666666666664,0.9916666666666664,27
2022-06-09 15:00:00+00:00,0.0,20.6,2.8,3,0,3,15,False,5.0,6,0.7702777777777778,0.8138888888888889,0.4108333333333333,0.4188888888888888,0.9822222222222224,0.9822222222222224,0.8938888888888891,0.8716666666666668,0.7266666666666668,0.7630555555555556,0.9822222222222224,0.9822222222222224,0.9822222222222224,0.9822222222222224,0.0,0.0,0.9822222222222224,0.9822222222222224,26
2022-06-09 16:00:00+00:00,0.0,20.4,3.5,3,1,3,16,False,0.0,6,0.9827777777777774,0.9827777777777774,0.9827777777777774,0.9827777777777774,0.9827777777777774,0.9827777777777774,0.0,0.0,0.8505555555555553,0.8644444444444441,0.9827777777777774,0.9827777777777774,0.9827777777777774,0.9827777777777774,0.0,0.0,0.9827777777777774,0.9827777777777774,27
2022-06-09 17:00:00+00:00,0.0,19.5,3.7,3,0,3,17,False,1.0,6,0.9877777777777774,0.9877777777777774,0.9877777777777774,0.9877777777777774,0.9877777777777774,0.9877777777777774,0.5386111111111112,0.5386111111111112,0.9877777777777774,0.9877777777777774,0.9877777777777774,0.9877777777777774,0.9877777777777774,0.9877777777777774,0.6499999999999999,0.6655555555555557,0.9877777777777774,0.9877777777777774,24
2022-06-09 18:00:00+00:00,0.0,17.9,2.7,3,1,3,18,False,0.0,6,0.9941666666666668,0.9941666666666668,0.9941666666666668,0.9941666666666668,0.9941666666666668,0.9941666666666668,0.5549999999999999,0.5561111111111111,0.6936111111111112,0.7161111111111111,0.9941666666666668,0.9941666666666668,0.9941666666666668,0.9941666666666668,0.446111111111111,0.4452777777777777,0.9941666666666668,0.9941666666666668,24
2022-06-09 19:00:00+00:00,0.0,15.8,1.5,1,0,3,19,False,1.0,6,0.9858333333333336,0.9858333333333336,0.9858333333333336,0.9858333333333336,0.9858333333333336,0.9858333333333336,0.0391666666666666,0.0163888888888888,0.9858333333333336,0.9858333333333336,0.9858333333333336,0.9858333333333336,0.9858333333333336,0.9858333333333336,0.9858333333333336,0.9858333333333336,0.9858333333333336,0.9858333333333336,3
2022-06-09 20:00:00+00:00,0.0,13.9,0.5,1,0,3,20,False,0.0,6,0.9841666666666667,0.9841666666666667,0.9841666666666667,0.9841666666666667,0.9841666666666667,0.9841666666666667,0.0,0.0,0.2061111111111111,0.2211111111111111,0.9841666666666667,0.9841666666666667,0.9841666666666667,0.9841666666666667,0.9841666666666667,0.9841666666666667,0.9841666666666667,0.9841666666666667,3
2022-06-09 21:00:00+00:00,0.0,12.3,1.6,1,2,3,21,False,0.0,6,0.9694444444444446,0.9694444444444446,0.9694444444444446,0.9694444444444446,0.9694444444444446,0.9694444444444446,0.0,0.0,0.7894444444444446,0.8033333333333335,0.9694444444444446,0.9694444444444446,0.9694444444444446,0.9694444444444446,0.9694444444444446,0.9694444444444446,0.9694444444444446,0.9694444444444446,2
2022-06-09 22:00:00+00:00,0.0,11.5,1.8,1,0,3,22,False,2.0,6,0.992777777777778,0.992777777777778,0.992777777777778,0.992777777777778,0.992777777777778,0.992777777777778,0.6102777777777778,0.6255555555555555,0.992777777777778,0.992777777777778,0.992777777777778,0.992777777777778,0.992777777777778,0.992777777777778,0.992777777777778,0.992777777777778,0.992777777777778,0.992777777777778,4
2022-06-09 23:00:00+00:00,0.0,11.1,2.3,1,0,3,23,False,0.0,6,0.9880555555555556,0.9880555555555556,0.9880555555555556,0.9880555555555556,0.9880555555555556,0.9880555555555556,0.9880555555555556,0.9880555555555556,0.9880555555555556,0.9880555555555556,0.9880555555555556,0.9880555555555556,0.9880555555555556,0.9880555555555556,0.9880555555555556,0.9880555555555556,0.9880555555555556,0.9880555555555556,4
2022-06-10 00:00:00+00:00,0.0,10.8,2.2,8,0,4,0,False,0.0,6,0.9855555555555556,0.9855555555555556,0.9855555555555556,0.9855555555555556,0.9855555555555556,0.9855555555555556,0.9855555555555556,0.9855555555555556,0.9855555555555556,0.9855555555555556,0.9855555555555556,0.9855555555555556,0.9855555555555556,0.9855555555555556,0.9855555555555556,0.9855555555555556,0.9855555555555556,0.9855555555555556,2
2022-06-10 01:00:00+00:00,0.0,10.2,2.0,8,0,4,1,False,0.0,6,0.985,0.985,0.985,0.985,0.985,0.985,0.985,0.985,0.985,0.985,0.985,0.985,0.985,0.985,0.985,0.985,0.985,0.985,4
2022-06-10 02:00:00+00:00,0.0,9.5,1.3,8,0,4,2,False,0.0,6,0.9844444444444448,0.9844444444444448,0.9844444444444448,0.9844444444444448,0.9844444444444448,0.9844444444444448,0.9844444444444448,0.9844444444444448,0.9844444444444448,0.9844444444444448,0.9844444444444448,0.9844444444444448,0.9844444444444448,0.9844444444444448,0.9844444444444448,0.9844444444444448,0.9844444444444448,0.9844444444444448,4
2022-06-10 03:00:00+00:00,0.0,8.9,2.5,8,0,4,3,False,0.0,6,0.9980555555555558,0.9980555555555558,0.9980555555555558,0.9980555555555558,0.9980555555555558,0.9980555555555558,0.9980555555555558,0.9980555555555558,0.9980555555555558,0.9980555555555558,0.9980555555555558,0.9980555555555558,0.9980555555555558,0.9980555555555558,0.9980555555555558,0.9980555555555558,0.9980555555555558,0.9980555555555558,4
2022-06-10 04:00:00+00:00,0.0,8.0,2.9,8,0,4,4,False,0.0,6,0.9980555555555558,0.9980555555555558,0.9980555555555558,0.9980555555555558,0.9980555555555558,0.9980555555555558,0.9980555555555558,0.9980555555555558,0.9980555555555558,0.9980555555555558,0.9980555555555558,0.9980555555555558,0.9980555555555558,0.9980555555555558,0.9980555555555558,0.9980555555555558,0.9980555555555558,0.9980555555555558,4
2022-06-10 05:00:00+00:00,0.0,7.3,2.1,8,2,4,5,False,0.0,6,0.985277777777778,0.985277777777778,0.985277777777778,0.985277777777778,0.985277777777778,0.985277777777778,0.985277777777778,0.985277777777778,0.985277777777778,0.985277777777778,0.985277777777778,0.985277777777778,0.985277777777778,0.985277777777778,0.985277777777778,0.985277777777778,0.985277777777778,0.985277777777778,4
2022-06-10 06:00:00+00:00,0.0,7.6,1.2,8,2,4,6,False,2.0,6,0.9844444444444442,0.9844444444444442,0.9844444444444442,0.9844444444444442,0.9844444444444442,0.9844444444444442,0.9844444444444442,0.9844444444444442,0.9844444444444442,0.9844444444444442,0.9844444444444442,0.9844444444444442,0.9844444444444442,0.9844444444444442,0.9844444444444442,0.9844444444444442,0.9844444444444442,0.9844444444444442,4
2022-06-10 07:00:00+00:00,0.0,6.4,1.9,3,0,4,7,False,2.0,6,0.997222222222222,0.997222222222222,0.6083333333333334,0.5947222222222223,0.997222222222222,0.997222222222222,0.997222222222222,0.997222222222222,0.3855555555555555,0.3933333333333333,0.997222222222222,0.997222222222222,0.997222222222222,0.997222222222222,0.997222222222222,0.997222222222222,0.997222222222222,0.997222222222222,4
2022-06-10 08:00:00+00:00,0.0,9.9,3.3,3,0,4,8,False,0.0,6,0.9980555555555556,0.9980555555555556,0.0852777777777777,0.0458333333333333,0.9980555555555556,0.9980555555555556,0.8580555555555555,0.8969444444444443,0.9980555555555556,0.9980555555555556,0.9980555555555556,0.9980555555555556,0.9980555555555556,0.9980555555555556,0.7572222222222221,0.7344444444444443,0.9980555555555556,0.9980555555555556,6
2022-06-10 09:00:00+00:00,0.0,10.0,3.6,3,2,4,9,False,0.0,6,0.9708333333333334,0.9708333333333334,0.1475,0.1086111111111111,0.9708333333333334,0.9708333333333334,0.9708333333333334,0.9708333333333334,0.5997222222222224,0.6069444444444446,0.9708333333333334,0.9708333333333334,0.9708333333333334,0.9708333333333334,0.0,0.0,0.9708333333333334,0.9708333333333334,13
2022-06-10 10:00:00+00:00,0.0,10.5,3.9,7,2,4,10,False,2.0,6,0.9833333333333336,0.9833333333333336,0.5983333333333334,0.6130555555555556,0.9833333333333336,0.9833333333333336,0.9833333333333336,0.9833333333333336,0.8611111111111113,0.823888888888889,0.9833333333333336,0.9833333333333336,0.9833333333333336,0.9833333333333336,0.6891666666666668,0.733888888888889,0.9833333333333336,0.9833333333333336,16
2022-06-10 11:00:00+00:00,0.0,11.1,4.3,7,2,4,11,False,2.0,6,0.9905555555555556,0.9905555555555556,0.9905555555555556,0.9905555555555556,0.9905555555555556,0.9905555555555556,0.9905555555555556,0.9905555555555556,0.3638888888888889,0.3725,0.9905555555555556,0.9905555555555556,0.9905555555555556,0.9905555555555556,0.9905555555555556,0.9905555555555556,0.4780555555555556,0.4611111111111112,16
2022-06-10 12:00:00+00:00,0.0,11.9,3.5,7,0,4,12,False,2.0,6,0.9847222222222222,0.9847222222222222,0.4380555555555556,0.4022222222222222,0.9847222222222222,0.9847222222222222,0.9847222222222222,0.9847222222222222,0.9016666666666666,0.8869444444444444,0.9847222222222222,0.9847222222222222,0.9847222222222222,0.9847222222222222,0.9847222222222222,0.9847222222222222,0.0977777777777777,0.1124999999999999,18
2022-06-10 13:00:00+00:00,0.0,13.8,5.2,3,2,4,13,False,0.0,6,0.9855555555555552,0.9855555555555552,0.2972222222222221,0.3747222222222223,0.9855555555555552,0.9855555555555552,0.9855555555555552,0.9855555555555552,0.1291666666666666,0.0997222222222222,0.9855555555555552,0.9855555555555552,0.9855555555555552,0.9855555555555552,0.9855555555555552,0.9855555555555552,0.6430555555555555,0.6811111111111111,17
2022-06-10 14:00:00+00:00,0.0,13.6,5.9,3,1,4,14,False,2.0,6,0.9866666666666666,0.9866666666666666,0.31,0.3241666666666666,0.9866666666666666,0.9866666666666666,0.3458333333333333,0.3383333333333333,0.3780555555555556,0.3780555555555556,0.8566666666666667,0.8338888888888889,0.9866666666666666,0.9866666666666666,0.7575000000000001,0.7644444444444445,0.236111111111111,0.2213888888888888,16
2022-06-10 15:00:00+00:00,0.0,15.1,9.1,3,3,4,15,False,1.0,6,0.9816666666666666,0.9816666666666666,0.2091666666666667,0.2019444444444444,0.9816666666666666,0.9816666666666666,0.5494444444444443,0.5580555555555554,0.2530555555555555,0.2366666666666666,0.6736111111111112,0.6516666666666667,0.9816666666666666,0.9816666666666666,0.9816666666666666,0.9816666666666666,0.3177777777777777,0.3227777777777777,19
2022-06-10 16:00:00+00:00,0.0,13.7,7.9,2,2,4,16,False,3.0,6,0.9669444444444444,0.9730555555555556,0.8927777777777779,0.9497222222222222,0.9888888888888888,0.9888888888888888,0.9888888888888888,0.9888888888888888,0.7091666666666666,0.7552777777777778,0.0,0.0,0.9888888888888888,0.9888888888888888,0.9888888888888888,0.9888888888888888,0.2175,0.2472222222222222,27
2022-06-10 17:00:00+00:00,0.0,12.5,5.3,2,5,4,17,False,2.0,6,0.7127777777777776,0.7341666666666665,0.5980555555555552,0.5983333333333329,0.9808333333333328,0.9808333333333328,0.9808333333333328,0.9808333333333328,0.6244444444444441,0.5997222222222218,0.0605555555555555,0.0808333333333333,0.9808333333333328,0.9808333333333328,0.9808333333333328,0.9808333333333328,0.2205555555555555,0.2219444444444444,27
2022-06-10 18:00:00+00:00,0.0,11.5,4.4,2,0,4,18,False,5.0,6,0.4572222222222222,0.4652777777777778,0.455,0.4491666666666666,0.9855555555555556,0.9855555555555556,0.9855555555555556,0.9855555555555556,0.8566666666666667,0.8183333333333334,0.9855555555555556,0.9855555555555556,0.9855555555555556,0.9855555555555556,0.9855555555555556,0.9855555555555556,0.6358333333333333,0.6591666666666665,25
2022-06-10 19:00:00+00:00,0.0,11.5,4.6,2,0,4,19,False,0.0,6,0.9911111111111108,0.9911111111111108,0.4302777777777777,0.4599999999999999,0.9911111111111108,0.9911111111111108,0.9911111111111108,0.9911111111111108,0.7116666666666668,0.7211111111111113,0.9911111111111108,0.9911111111111108,0.9911111111111108,0.9911111111111108,0.9911111111111108,0.9911111111111108,0.9911111111111108,0.9911111111111108,27
2022-06-10 20:00:00+00:00,0.0,10.8,5.0,2,1,4,20,False,0.0,6,0.9805555555555554,0.9805555555555554,0.7630555555555554,0.7552777777777776,0.9805555555555554,0.9805555555555554,0.9805555555555554,0.9805555555555554,0.7927777777777775,0.7702777777777775,0.9805555555555554,0.9805555555555554,0.9805555555555554,0.9805555555555554,0.9805555555555554,0.9805555555555554,0.9805555555555554,0.9805555555555554,23
2022-06-10 21:00:00+00:00,0.0,10.8,5.2,2,2,4,21,False,1.0,6,0.980277777777778,0.980277777777778,0.980277777777778,0.980277777777778,0.980277777777778,0.980277777777778,0.980277777777778,0.980277777777778,0.1030555555555555,0.1527777777777778,0.980277777777778,0.980277777777778,0.1005555555555555,0.0858333333333333,0.980277777777778,0.980277777777778,0.980277777777778,0.980277777777778,23
2022-06-10 22:00:00+00:00,0.0,10.0,3.6,2,1,4,22,False,2.0,6,0.992777777777778,0.992777777777778,0.911388888888889,0.9266666666666667,0.992777777777778,0.992777777777778,0.992777777777778,0.992777777777778,0.3480555555555556,0.3483333333333334,0.992777777777778,0.992777777777778,0.0,0.0,0.992777777777778,0.992777777777778,0.992777777777778,0.992777777777778,24
2022-06-10 23:00:00+00:00,0.0,9.7,3.2,2,0,4,23,False,1.0,6,0.9980555555555556,0.9980555555555556,0.8430555555555554,0.8213888888888888,0.9980555555555556,0.9980555555555556,0.9980555555555556,0.9980555555555556,0.0,0.0,0.9980555555555556,0.9980555555555556,0.0,0.0,0.9980555555555556,0.9980555555555556,0.9980555555555556,0.9980555555555556,26
2022-06-11 00:00:00+00:00,0.0,4.2,1.3,3,0,5,0,False,0.0,6,0.9908333333333336,0.9908333333333336,0.0,0.0,0.9908333333333336,0.9908333333333336,0.9908333333333336,0.9908333333333336,0.8702777777777781,0.8991666666666671,0.9908333333333336,0.9908333333333336,0.0,0.0,0.9908333333333336,0.9908333333333336,0.9908333333333336,0.9908333333333336,24
2022-06-11 01:00:00+00:00,0.0,4.6,0.8,3,0,5,1,False,0.0,6,0.9838888888888891,0.9838888888888891,0.0,0.0,0.9838888888888891,0.9838888888888891,0.9838888888888891,0.9838888888888891,0.9838888888888891,0.9838888888888891,0.9838888888888891,0.9838888888888891,0.0,0.0,0.9838888888888891,0.9838888888888891,0.9838888888888891,0.9838888888888891,25
2022-06-11 02:00:00+00:00,0.0,5.0,0.2,3,0,5,2,False,0.0,6,0.9813888888888888,0.9813888888888888,0.0,0.0,0.9813888888888888,0.9813888888888888,0.9813888888888888,0.9813888888888888,0.9813888888888888,0.9813888888888888,0.9813888888888888,0.9813888888888888,0.0,0.0,0.9813888888888888,0.9813888888888888,0.9813888888888888,0.9813888888888888,27
2022-06-11 03:00:00+00:00,0.0,5.1,1.6,3,1,5,3,False,0.0,6,0.9908333333333336,0.9908333333333336,0.0,0.0,0.9908333333333336,0.9908333333333336,0.9908333333333336,0.9908333333333336,0.9908333333333336,0.9908333333333336,0.9908333333333336,0.9908333333333336,0.0,0.0,0.9908333333333336,0.9908333333333336,0.9908333333333336,0.9908333333333336,27
2022-06-11 04:00:00+00:00,0.4,5.2,0.9,3,0,5,4,False,1.0,6,0.9852777777777778,0.9852777777777778,0.0,0.0,0.9852777777777778,0.9852777777777778,0.9852777777777778,0.9852777777777778,0.9852777777777778,0.9852777777777778,0.9852777777777778,0.9852777777777778,0.0,0.0,0.9852777777777778,0.9852777777777778,0.9852777777777778,0.9852777777777778,27
2022-06-11 05:00:00+00:00,0.3,5.4,2.3,3,0,5,5,False,0.0,6,0.9816666666666668,0.9816666666666668,0.0505555555555555,0.0430555555555555,0.9816666666666668,0.9816666666666668,0.9816666666666668,0.9816666666666668,0.7166666666666667,0.7094444444444444,0.9816666666666668,0.9816666666666668,0.0,0.0,0.9816666666666668,0.9816666666666668,0.9816666666666668,0.9816666666666668,27
2022-06-11 06:00:00+00:00,1.4,5.7,2.8,3,0,5,6,False,0.0,6,0.9919444444444444,0.9919444444444444,0.0,0.0,0.9919444444444444,0.9919444444444444,0.9919444444444444,0.9919444444444444,0.1175,0.1394444444444444,0.9919444444444444,0.9919444444444444,0.0,0.0,0.9919444444444444,0.9919444444444444,0.9919444444444444,0.9919444444444444,26
2022-06-11 07:00:00+00:00,2.1,5.9,3.0,8,0,5,7,False,0.0,6,0.9891666666666666,0.9891666666666666,0.5722222222222222,0.5869444444444444,0.9891666666666666,0.9891666666666666,0.9891666666666666,0.9891666666666666,0.9891666666666666,0.9891666666666666,0.9891666666666666,0.9891666666666666,0.2472222222222221,0.2905555555555555,0.9891666666666666,0.9891666666666666,0.9891666666666666,0.9891666666666666,27
2022-06-11 08:00:00+00:00,2.4,6.5,2.7,8,0,5,8,False,0.0,6,0.9686111111111112,0.9686111111111112,0.9686111111111112,0.9686111111111112,0.9686111111111112,0.9686111111111112,0.9686111111111112,0.9686111111111112,0.9686111111111112,0.9686111111111112,0.9686111111111112,0.9686111111111112,0.9686111111111112,0.9686111111111112,0.9686111111111112,0.9686111111111112,0.9686111111111112,0.9686111111111112,21
2022-06-11 09:00:00+00:00,0.4,6.9,2.4,8,0,5,9,False,0.0,6,0.985,0.985,0.985,0.985,0.985,0.985,0.985,0.985,0.985,0.985,0.985,0.985,0.985,0.985,0.985,0.985,0.985,0.985,1
2022-06-11 10:00:00+00:00,0.0,7.2,3.3,7,0,5,10,False,0.0,6,0.9819444444444444,0.9819444444444444,0.9819444444444444,0.9819444444444444,0.9819444444444444,0.9819444444444444,0.9819444444444444,0.9819444444444444,0.9819444444444444,0.9819444444444444,0.9819444444444444,0.9819444444444444,0.9819444444444444,0.9819444444444444,0.9819444444444444,0.9819444444444444,0.9819444444444444,0.9819444444444444,1
2022-06-11 11:00:00+00:00,0.0,7.8,0.8,7,0,5,11,False,0.0,6,0.9847222222222224,0.9847222222222224,0.9847222222222224,0.9847222222222224,0.9847222222222224,0.9847222222222224,0.9847222222222224,0.9847222222222224,0.9847222222222224,0.9847222222222224,0.9847222222222224,0.9847222222222224,0.9847222222222224,0.9847222222222224,0.9847222222222224,0.9847222222222224,0.9847222222222224,0.9847222222222224,2
2022-06-11 12:00:00+00:00,0.0,8.2,1.1,7,1,5,12,False,0.0,6,0.985,0.985,0.31,0.3369444444444444,0.985,0.985,0.985,0.985,0.985,0.985,0.985,0.985,0.985,0.985,0.985,0.985,0.985,0.985,3
2022-06-11 13:00:00+00:00,0.0,9.4,1.3,6,0,5,13,False,1.0,6,0.9863888888888884,0.9863888888888884,0.7649999999999999,0.7047222222222221,0.9863888888888884,0.9863888888888884,0.9863888888888884,0.9863888888888884,0.9863888888888884,0.9863888888888884,0.9863888888888884,0.9863888888888884,0.9863888888888884,0.9863888888888884,0.9863888888888884,0.9863888888888884,0.9863888888888884,0.9863888888888884,6
2022-06-11 14:00:00+00:00,0.0,9.2,2.8,6,0,5,14,False,0.0,6,0.9877777777777778,0.9877777777777778,0.6011111111111113,0.563888888888889,0.9877777777777778,0.9877777777777778,0.9877777777777778,0.9877777777777778,0.6980555555555557,0.6902777777777779,0.9877777777777778,0.9877777777777778,0.9877777777777778,0.9877777777777778,0.9877777777777778,0.9877777777777778,0.9877777777777778,0.9877777777777778,7
2022-06-11 15:00:00+00:00,0.0,8.1,2.7,6,0,5,15,False,0.0,6,0.982222222222222,0.982222222222222,0.0,0.0,0.982222222222222,0.982222222222222,0.982222222222222,0.982222222222222,0.0858333333333333,0.0702777777777777,0.982222222222222,0.982222222222222,0.982222222222222,0.982222222222222,0.982222222222222,0.982222222222222,0.982222222222222,0.982222222222222,11
2022-06-11 16:00:00+00:00,0.0,7.8,2.2,8,2,5,16,False,0.0,6,0.967222222222222,0.967222222222222,0.466388888888889,0.496388888888889,0.967222222222222,0.967222222222222,0.967222222222222,0.967222222222222,0.0744444444444444,0.12,0.967222222222222,0.967222222222222,0.967222222222222,0.967222222222222,0.967222222222222,0.967222222222222,0.967222222222222,0.967222222222222,12
2022-06-11 17:00:00+00:00,0.0,7.7,2.1,8,1,5,17,False,2.0,6,0.9719444444444444,0.9719444444444444,0.9719444444444444,0.9719444444444444,0.9719444444444444,0.9719444444444444,0.9719444444444444,0.9719444444444444,0.9719444444444444,0.9719444444444444,0.9719444444444444,0.9719444444444444,0.9719444444444444,0.9719444444444444,0.9719444444444444,0.9719444444444444,0.9719444444444444,0.9719444444444444,13
2022-06-11 18:00:00+00:00,0.0,7.7,1.0,8,1,5,18,False,1.0,6,0.9880555555555556,0.9880555555555556,0.9880555555555556,0.9880555555555556,0.9880555555555556,0.9880555555555556,0.9880555555555556,0.9880555555555556,0.9880555555555556,0.9880555555555556,0.9880555555555556,0.9880555555555556,0.9880555555555556,0.9880555555555556,0.9880555555555556,0.9880555555555556,0.9880555555555556,0.9880555555555556,15
2022-06-11 19:00:00+00:00,0.0,7.2,1.5,7,0,5,19,False,1.0,6,0.9891666666666666,0.9891666666666666,0.9891666666666666,0.9891666666666666,0.9891666666666666,0.9891666666666666,0.9891666666666666,0.9891666666666666,0.9891666666666666,0.9891666666666666,0.9891666666666666,0.9891666666666666,0.9891666666666666,0.9891666666666666,0.9891666666666666,0.9891666666666666,0.9891666666666666,0.9891666666666666,13
2022-06-11 20:00:00+00:00,0.0,6.5,0.5,7,0,5,20,False,0.0,6,0.9927777777777776,0.9927777777777776,0.9927777777777776,0.9927777777777776,0.9927777777777776,0.9927777777777776,0.9927777777777776,0.9927777777777776,0.9927777777777776,0.9927777777777776,0.9927777777777776,0.9927777777777776,0.9927777777777776,0.9927777777777776,0.9927777777777776,0.9927777777777776,0.9927777777777776,0.9927777777777776,12
2022-06-11 21:00:00+00:00,0.0,7.0,1.4,7,0,5,21,False,0.0,6,0.9661111111111113,0.9661111111111113,0.9661111111111113,0.9661111111111113,0.9661111111111113,0.9661111111111113,0.9661111111111113,0.9661111111111113,0.9661111111111113,0.9661111111111113,0.9661111111111113,0.9661111111111113,0.9661111111111113,0.9661111111111113,0.9661111111111113,0.9661111111111113,0.9661111111111113,0.9661111111111113,11
2022-06-11 22:00:00+00:00,0.0,6.9,1.1,8,0,5,22,False,0.0,6,0.986111111111111,0.986111111111111,0.986111111111111,0.986111111111111,0.986111111111111,0.986111111111111,0.986111111111111,0.986111111111111,0.986111111111111,0.986111111111111,0.986111111111111,0.986111111111111,0.986111111111111,0.986111111111111,0.986111111111111,0.986111111111111,0.986111111111111,0.986111111111111,11
2022-06-11 23:00:00+00:00,0.0,6.9,1.2,8,0,5,23,False,0.0,6,0.9838888888888888,0.9838888888888888,0.9838888888888888,0.9838888888888888,0.9838888888888888,0.9838888888888888,0.9838888888888888,0.9838888888888888,0.9838888888888888,0.9838888888888888,0.9838888888888888,0.9838888888888888,0.9838888888888888,0.9838888888888888,0.9838888888888888,0.9838888888888888,0.9838888888888888,0.9838888888888888,12
