datetime,bike_availability,dock_availability
2022-06-17 13:00:00,0.948888888888889,0.9636111111111112
2022-06-17 14:00:00,0.9822222222222222,0.9822222222222222
2022-06-17 15:00:00,0.9866666666666668,0.9866666666666668
2022-06-17 16:00:00,0.9788888888888888,0.9788888888888888
2022-06-17 17:00:00,0.9833333333333332,0.9833333333333332
2022-06-17 18:00:00,0.9811111111111112,0.9811111111111112
2022-06-17 19:00:00,0.9852777777777774,0.9852777777777774
2022-06-17 20:00:00,0.981111111111111,0.981111111111111
2022-06-17 21:00:00,0.9808333333333332,0.9808333333333332
2022-06-17 22:00:00,0.9816666666666668,0.9816666666666668
2022-06-17 23:00:00,0.9869444444444446,0.9869444444444446
2022-06-18 00:00:00,0.9783333333333332,0.9783333333333332
2022-06-18 01:00:00,0.964722222222222,0.964722222222222
2022-06-18 02:00:00,0.9827777777777776,0.9827777777777776
2022-06-18 03:00:00,0.9880555555555556,0.9880555555555556
2022-06-18 04:00:00,0.989444444444444,0.989444444444444
2022-06-18 05:00:00,0.9852777777777776,0.9852777777777776
2022-06-18 06:00:00,0.9888888888888892,0.9888888888888892
2022-06-18 07:00:00,0.9841666666666667,0.9841666666666667
2022-06-18 08:00:00,0.9677777777777778,0.9677777777777778
2022-06-18 09:00:00,0.9911111111111112,0.9911111111111112
2022-06-18 10:00:00,0.9866666666666664,0.9866666666666664
2022-06-18 11:00:00,0.985277777777778,0.985277777777778
2022-06-18 12:00:00,0.9611111111111112,0.9611111111111112
2022-06-18 13:00:00,0.9916666666666666,0.9916666666666666
2022-06-18 14:00:00,0.935138888888889,0.9994444444444444
2022-06-18 15:00:00,0.8065277777777775,0.9508333333333328
2022-06-18 16:00:00,0.9883333333333332,0.9883333333333332
2022-06-18 17:00:00,0.9913888888888888,0.9913888888888888
2022-06-18 18:00:00,0.9863888888888888,0.9863888888888888
2022-06-18 19:00:00,0.982222222222222,0.982222222222222
2022-06-18 20:00:00,0.9825,0.9825
2022-06-18 21:00:00,0.8225,0.8225
2022-06-18 22:00:00,0.985833333333333,0.985833333333333
2022-06-18 23:00:00,0.9869444444444444,0.9869444444444444
2022-06-19 00:00:00,0.9844444444444445,0.9844444444444445
2022-06-19 01:00:00,0.9888888888888888,0.9888888888888888
2022-06-19 02:00:00,0.9825,0.9825
2022-06-19 03:00:00,0.9969444444444444,0.9969444444444444
2022-06-19 04:00:00,0.9852777777777776,0.9852777777777776
2022-06-19 05:00:00,0.981111111111111,0.981111111111111
2022-06-19 06:00:00,0.9880555555555556,0.9880555555555556
2022-06-19 07:00:00,0.981944444444444,0.981944444444444
2022-06-19 08:00:00,0.9844444444444442,0.9844444444444442
2022-06-19 09:00:00,0.9791666666666669,0.9791666666666669
2022-06-19 10:00:00,0.9869444444444446,0.9869444444444446
2022-06-19 11:00:00,0.9527777777777778,0.9527777777777778
2022-06-19 12:00:00,0.9449999999999996,0.9449999999999996
2022-06-19 13:00:00,0.9850000000000002,0.9850000000000002
2022-06-19 14:00:00,0.9855555555555556,0.9855555555555556
2022-06-19 15:00:00,0.9841666666666667,0.9841666666666667
2022-06-19 16:00:00,0.9808333333333334,0.9808333333333334
2022-06-19 17:00:00,0.9822222222222224,0.9822222222222224
2022-06-19 18:00:00,0.9749999999999996,0.9749999999999996
2022-06-19 19:00:00,0.9977777777777777,0.9977777777777777
2022-06-19 20:00:00,0.9855555555555556,0.9855555555555556
2022-06-19 21:00:00,0.9813888888888892,0.9813888888888892
2022-06-19 22:00:00,0.9825000000000002,0.9825000000000002
2022-06-19 23:00:00,0.9633333333333336,0.9633333333333336
2022-06-20 00:00:00,0.9874999999999996,0.9874999999999996
2022-06-20 01:00:00,0.9849999999999998,0.9849999999999998
2022-06-20 02:00:00,0.9883333333333332,0.9883333333333332
2022-06-20 03:00:00,0.9816666666666666,0.9816666666666666
2022-06-20 04:00:00,0.9858333333333332,0.9858333333333332
2022-06-20 05:00:00,0.946111111111111,0.946111111111111
2022-06-20 06:00:00,0.9866666666666666,0.9866666666666666
2022-06-20 07:00:00,0.9994444444444446,0.9994444444444446
2022-06-20 08:00:00,0.9730555555555556,0.9730555555555556
2022-06-20 09:00:00,0.9911111111111112,0.9911111111111112
2022-06-20 10:00:00,0.985277777777778,0.985277777777778
2022-06-20 11:00:00,0.9838888888888886,0.9838888888888886
2022-06-20 12:00:00,0.9816666666666668,0.9816666666666668
2022-06-20 13:00:00,0.9850000000000004,0.9850000000000004
2022-06-20 14:00:00,0.974722222222222,0.982222222222222
2022-06-20 15:00:00,0.8113888888888886,0.9813888888888884
2022-06-20 16:00:00,0.9877777777777774,0.9877777777777774
2022-06-20 17:00:00,0.9875,0.9875
2022-06-20 18:00:00,0.9997222222222224,0.9997222222222224
2022-06-20 19:00:00,0.9825000000000002,0.9825000000000002
2022-06-20 20:00:00,0.9991666666666666,0.9991666666666666
2022-06-20 21:00:00,0.9888888888888888,0.9888888888888888
2022-06-20 22:00:00,0.991944444444444,0.991944444444444
2022-06-20 23:00:00,0.9858333333333336,0.9858333333333336
2022-06-21 00:00:00,0.9838888888888888,0.9838888888888888
2022-06-21 01:00:00,0.9802777777777772,0.9802777777777772
2022-06-21 02:00:00,0.9813888888888886,0.9813888888888886
2022-06-21 03:00:00,0.9680555555555554,0.9680555555555554
2022-06-21 04:00:00,0.9836111111111108,0.9836111111111108
2022-06-21 05:00:00,0.9827777777777776,0.9827777777777776
2022-06-21 06:00:00,0.9847222222222224,0.9847222222222224
2022-06-21 07:00:00,0.9808333333333332,0.9808333333333332
2022-06-21 08:00:00,0.9811111111111112,0.9811111111111112
2022-06-21 09:00:00,0.9855555555555554,0.9855555555555554
2022-06-21 10:00:00,0.9855555555555552,0.9855555555555552
2022-06-21 11:00:00,0.9877777777777778,0.9877777777777778
2022-06-21 12:00:00,0.9988888888888886,0.9988888888888886
2022-06-21 13:00:00,0.9544444444444444,0.9544444444444444
2022-06-21 14:00:00,0.9802777777777776,0.9802777777777776
2022-06-21 15:00:00,0.9805555555555552,0.9805555555555552
2022-06-21 16:00:00,0.985277777777778,0.985277777777778
2022-06-21 17:00:00,0.9924999999999996,0.9924999999999996
2022-06-21 18:00:00,0.9822222222222224,0.9822222222222224
2022-06-21 19:00:00,0.9797222222222224,0.9797222222222224
2022-06-21 20:00:00,0.998888888888889,0.998888888888889
2022-06-21 21:00:00,0.9963888888888892,0.9963888888888892
2022-06-21 22:00:00,0.9869444444444444,0.9869444444444444
2022-06-21 23:00:00,0.9688888888888888,0.9688888888888888
2022-06-22 00:00:00,0.987777777777778,0.987777777777778
2022-06-22 01:00:00,0.9822222222222224,0.9822222222222224
2022-06-22 02:00:00,0.972222222222222,0.972222222222222
2022-06-22 03:00:00,0.9822222222222226,0.9822222222222226
2022-06-22 04:00:00,0.9525,0.9525
2022-06-22 05:00:00,0.973611111111111,0.973611111111111
2022-06-22 06:00:00,0.9883333333333332,0.9883333333333332
2022-06-22 07:00:00,0.982222222222222,0.982222222222222
2022-06-22 08:00:00,0.9508333333333334,0.9508333333333334
2022-06-22 09:00:00,0.9769444444444444,0.9769444444444444
2022-06-22 10:00:00,0.979722222222222,0.979722222222222
2022-06-22 11:00:00,0.9819444444444446,0.9819444444444446
2022-06-22 12:00:00,0.9858333333333332,0.9858333333333332
2022-06-22 13:00:00,0.9344444444444446,0.9344444444444446
2022-06-22 14:00:00,0.9936111111111112,0.9936111111111112
2022-06-22 15:00:00,0.9844444444444442,0.9844444444444442
2022-06-22 16:00:00,0.9500000000000002,0.9500000000000002
2022-06-22 17:00:00,0.9836111111111108,0.9836111111111108
2022-06-22 18:00:00,0.9827777777777776,0.9827777777777776
2022-06-22 19:00:00,0.9727777777777776,0.9727777777777776
2022-06-22 20:00:00,0.9836111111111112,0.9836111111111112
2022-06-22 21:00:00,0.9861111111111114,0.9861111111111114
2022-06-22 22:00:00,0.9902777777777778,0.9902777777777778
2022-06-22 23:00:00,0.9830555555555556,0.9830555555555556
2022-06-23 00:00:00,0.994722222222222,0.994722222222222
2022-06-23 01:00:00,0.9855555555555556,0.9855555555555556
2022-06-23 02:00:00,0.9927777777777776,0.9927777777777776
2022-06-23 03:00:00,0.9866666666666666,0.9866666666666666
2022-06-23 04:00:00,0.9827777777777778,0.9827777777777778
2022-06-23 05:00:00,0.9822222222222222,0.9822222222222222
2022-06-23 06:00:00,0.9894444444444443,0.9894444444444443
2022-06-23 07:00:00,0.9775000000000004,0.9775000000000004
2022-06-23 08:00:00,0.9875,0.9875
2022-06-23 09:00:00,0.9855555555555552,0.9855555555555552
2022-06-23 10:00:00,0.9880555555555556,0.9880555555555556
2022-06-23 11:00:00,0.9786111111111112,0.9786111111111112
2022-06-23 12:00:00,0.9297222222222222,0.9297222222222222
2022-06-23 13:00:00,0.9833333333333332,0.9833333333333332
2022-06-23 14:00:00,0.9819444444444444,0.9819444444444444
2022-06-23 15:00:00,0.3002777777777777,0.2852777777777777
2022-06-23 16:00:00,0.7234722222222222,0.943888888888889
2022-06-23 17:00:00,0.9872222222222224,0.9872222222222224
2022-06-23 18:00:00,0.9941666666666668,0.9941666666666668
2022-06-23 19:00:00,0.9550000000000002,0.9550000000000002
2022-06-23 20:00:00,0.9691666666666664,0.9691666666666664
2022-06-23 21:00:00,0.9847222222222222,0.9847222222222222
2022-06-23 22:00:00,0.9827777777777776,0.9827777777777776
2022-06-23 23:00:00,0.9805555555555554,0.9805555555555554
2022-06-24 00:00:00,0.9158333333333332,0.9158333333333332
2022-06-24 01:00:00,0.9838888888888888,0.9838888888888888
2022-06-24 02:00:00,0.9991666666666664,0.9991666666666664
2022-06-24 03:00:00,0.965,0.965
2022-06-24 04:00:00,0.9858333333333332,0.9858333333333332
2022-06-24 05:00:00,0.9849999999999998,0.9849999999999998
2022-06-24 06:00:00,0.9161111111111112,0.9161111111111112
2022-06-24 07:00:00,0.9994444444444444,0.9994444444444444
2022-06-24 08:00:00,0.96,0.96
2022-06-24 09:00:00,0.9752777777777778,0.9752777777777778
2022-06-24 10:00:00,0.9872222222222222,0.9872222222222222
2022-06-24 11:00:00,0.9858333333333332,0.9858333333333332
2022-06-24 12:00:00,0.9858333333333332,0.9858333333333332
2022-06-24 13:00:00,0.9875,0.9875
2022-06-24 14:00:00,0.9947222222222224,0.9947222222222224
2022-06-24 15:00:00,1.0,1.0
2022-06-24 16:00:00,0.8356944444444445,0.985
2022-06-24 17:00:00,0.597361111111111,0.7963888888888887
2022-06-24 18:00:00,0.53375,0.666111111111111
2022-06-24 19:00:00,0.6568055555555555,0.921111111111111
2022-06-24 20:00:00,0.8552777777777778,0.985
2022-06-24 21:00:00,0.964722222222222,0.964722222222222
2022-06-24 22:00:00,0.9816666666666666,0.9816666666666666
2022-06-24 23:00:00,0.9949999999999998,0.9949999999999998
2022-06-25 00:00:00,0.9838888888888891,0.9838888888888891
2022-06-25 01:00:00,0.8713888888888889,0.8713888888888889
2022-06-25 02:00:00,0.9908333333333338,0.9908333333333338
2022-06-25 03:00:00,0.9900000000000002,0.9900000000000002
2022-06-25 04:00:00,0.9877777777777778,0.9877777777777778
2022-06-25 05:00:00,0.9822222222222226,0.9822222222222226
2022-06-25 06:00:00,0.9630555555555558,0.9630555555555558
2022-06-25 07:00:00,0.9863888888888888,0.9863888888888888
2022-06-25 08:00:00,0.939722222222222,0.939722222222222
2022-06-25 09:00:00,0.9858333333333336,0.9858333333333336
2022-06-25 10:00:00,0.987222222222222,0.987222222222222
2022-06-25 11:00:00,0.9472222222222222,0.9472222222222222
2022-06-25 12:00:00,0.88,0.88
2022-06-25 13:00:00,0.9655555555555556,0.9655555555555556
2022-06-25 14:00:00,0.5127777777777778,0.5608333333333333
2022-06-25 15:00:00,0.8483333333333333,0.8483333333333333
2022-06-25 16:00:00,0.9963888888888884,0.9963888888888884
2022-06-25 17:00:00,0.981388888888889,0.981388888888889
2022-06-25 18:00:00,0.9880555555555556,0.9880555555555556
2022-06-25 19:00:00,0.9944444444444444,0.9944444444444444
2022-06-25 20:00:00,0.9844444444444442,0.9844444444444442
2022-06-25 21:00:00,0.984444444444445,0.984444444444445
2022-06-25 22:00:00,0.9863888888888888,0.9863888888888888
2022-06-25 23:00:00,0.9827777777777778,0.9827777777777778
2022-06-26 00:00:00,0.9891666666666667,0.9891666666666667
2022-06-26 01:00:00,0.9875,0.9875
2022-06-26 02:00:00,0.9730555555555556,0.9730555555555556
2022-06-26 03:00:00,0.9880555555555556,0.9880555555555556
2022-06-26 04:00:00,0.9863888888888888,0.9863888888888888
2022-06-26 05:00:00,0.9841666666666662,0.9841666666666662
2022-06-26 06:00:00,0.7350000000000001,0.7350000000000001
2022-06-26 07:00:00,0.9886111111111108,0.9886111111111108
2022-06-26 08:00:00,0.9805555555555556,0.9805555555555556
2022-06-26 09:00:00,0.984722222222222,0.984722222222222
2022-06-26 10:00:00,0.9999999999999998,0.9999999999999998
2022-06-26 11:00:00,0.975,0.975
2022-06-26 12:00:00,0.9830555555555556,0.9830555555555556
2022-06-26 13:00:00,0.9841666666666666,0.9841666666666666
2022-06-26 14:00:00,0.9708333333333332,0.9708333333333332
2022-06-26 15:00:00,0.985,0.985
2022-06-26 16:00:00,0.979722222222222,0.979722222222222
2022-06-26 17:00:00,0.985555555555556,0.985555555555556
2022-06-26 18:00:00,0.9905555555555552,0.9905555555555552
2022-06-26 19:00:00,0.9302777777777776,0.9302777777777776
2022-06-26 20:00:00,0.9861111111111108,0.9861111111111108
2022-06-26 21:00:00,0.980833333333333,0.980833333333333
2022-06-26 22:00:00,0.9219444444444445,0.9219444444444445
2022-06-26 23:00:00,0.981388888888889,0.981388888888889
2022-06-27 00:00:00,0.9838888888888888,0.9838888888888888
2022-06-27 01:00:00,0.969166666666667,0.969166666666667
2022-06-27 02:00:00,0.9822222222222224,0.9822222222222224
2022-06-27 03:00:00,0.9716666666666668,0.9716666666666668
2022-06-27 04:00:00,0.9858333333333336,0.9858333333333336
2022-06-27 05:00:00,0.9805555555555556,0.9805555555555556
2022-06-27 06:00:00,0.9974999999999996,0.9974999999999996
2022-06-27 07:00:00,0.9919444444444446,0.9919444444444446
2022-06-27 08:00:00,0.9852777777777776,0.9852777777777776
2022-06-27 09:00:00,0.9825,0.9825
2022-06-27 10:00:00,0.983888888888889,0.983888888888889
2022-06-27 11:00:00,0.9852777777777778,0.9852777777777778
2022-06-27 12:00:00,0.9819444444444444,0.9819444444444444
2022-06-27 13:00:00,0.9847222222222224,0.9847222222222224
2022-06-27 14:00:00,0.9686111111111108,0.9686111111111108
2022-06-27 15:00:00,0.9838888888888888,0.9838888888888888
2022-06-27 16:00:00,0.9869444444444444,0.9869444444444444
2022-06-27 17:00:00,0.9788888888888888,0.9788888888888888
2022-06-27 18:00:00,0.9805555555555556,0.9805555555555556
2022-06-27 19:00:00,0.9897222222222224,0.9897222222222224
2022-06-27 20:00:00,0.9844444444444446,0.9844444444444446
2022-06-27 21:00:00,0.9855555555555556,0.9855555555555556
2022-06-27 22:00:00,0.9836111111111108,0.9836111111111108
2022-06-27 23:00:00,0.9813888888888888,0.9813888888888888
2022-06-28 00:00:00,0.986666666666666,0.986666666666666
2022-06-28 01:00:00,0.9858333333333332,0.9858333333333332
2022-06-28 02:00:00,0.9813888888888892,0.9813888888888892
2022-06-28 03:00:00,0.9838888888888888,0.9838888888888888
2022-06-28 04:00:00,0.982777777777778,0.982777777777778
2022-06-28 05:00:00,0.9822222222222216,0.9822222222222216
2022-06-28 06:00:00,0.9913888888888892,0.9913888888888892
2022-06-28 07:00:00,0.9802777777777776,0.9802777777777776
2022-06-28 08:00:00,0.9494444444444446,0.9494444444444446
2022-06-28 09:00:00,0.9836111111111112,0.9836111111111112
2022-06-28 10:00:00,0.9866666666666666,0.9866666666666666
2022-06-28 11:00:00,0.9813888888888884,0.9813888888888884
2022-06-28 12:00:00,0.9938888888888884,0.9938888888888884
2022-06-28 13:00:00,0.9811111111111112,0.9811111111111112
2022-06-28 14:00:00,0.9655555555555552,0.9655555555555552
2022-06-28 15:00:00,0.9777777777777776,0.9777777777777776
2022-06-28 16:00:00,0.9616666666666666,0.9616666666666666
2022-06-28 17:00:00,0.9991666666666666,0.9991666666666666
2022-06-28 18:00:00,0.9805555555555556,0.9805555555555556
2022-06-28 19:00:00,0.9805555555555558,0.9805555555555558
2022-06-28 20:00:00,0.9641666666666668,0.9641666666666668
2022-06-28 21:00:00,0.9986111111111112,0.9986111111111112
2022-06-28 22:00:00,1.0000000000000002,1.0000000000000002
2022-06-28 23:00:00,0.9788888888888888,0.9788888888888888
2022-06-29 00:00:00,0.996111111111111,0.996111111111111
2022-06-29 01:00:00,0.9983333333333332,0.9983333333333332
2022-06-29 02:00:00,0.9833333333333332,0.9833333333333332
2022-06-29 03:00:00,0.9988888888888888,0.9988888888888888
2022-06-29 04:00:00,0.980277777777778,0.980277777777778
2022-06-29 05:00:00,0.9997222222222218,0.9997222222222218
2022-06-29 06:00:00,0.980277777777778,0.980277777777778
2022-06-29 07:00:00,0.9974999999999996,0.9974999999999996
2022-06-29 08:00:00,0.964722222222222,0.964722222222222
2022-06-29 09:00:00,0.9791666666666664,0.9791666666666664
2022-06-29 10:00:00,0.999444444444444,0.999444444444444
2022-06-29 11:00:00,0.9961111111111112,0.9961111111111112
2022-06-29 12:00:00,0.999444444444444,0.999444444444444
2022-06-29 13:00:00,0.999166666666666,0.999166666666666
2022-06-29 14:00:00,0.9794444444444442,0.9794444444444442
2022-06-29 15:00:00,0.9766666666666666,0.9766666666666666
2022-06-29 16:00:00,0.7575,0.7191666666666666
2022-06-29 17:00:00,0.1205555555555555,0.0913888888888889
2022-06-29 18:00:00,0.32722222222222225,0.2697222222222222
2022-06-29 19:00:00,0.9974999999999998,0.9974999999999998
2022-06-29 20:00:00,0.9991666666666664,0.9991666666666664
2022-06-29 21:00:00,0.9988888888888888,0.9988888888888888
2022-06-29 22:00:00,0.9799999999999998,0.9799999999999998
2022-06-29 23:00:00,0.9980555555555554,0.9980555555555554
2022-06-30 00:00:00,0.979722222222222,0.979722222222222
2022-06-30 01:00:00,0.949722222222222,0.949722222222222
2022-06-30 02:00:00,0.9991666666666664,0.9991666666666664
2022-06-30 03:00:00,0.9997222222222222,0.9997222222222222
2022-06-30 04:00:00,0.9991666666666668,0.9991666666666668
2022-06-30 05:00:00,0.9980555555555556,0.9980555555555556
2022-06-30 06:00:00,0.9966666666666668,0.9966666666666668
2022-06-30 07:00:00,0.9780555555555556,0.9780555555555556
2022-06-30 08:00:00,0.9974999999999996,0.9974999999999996
2022-06-30 09:00:00,0.9791666666666669,0.9791666666666669
2022-06-30 10:00:00,0.997222222222222,0.997222222222222
2022-06-30 11:00:00,0.9744444444444444,0.9744444444444444
2022-06-30 12:00:00,0.9838888888888888,0.9838888888888888
2022-06-30 13:00:00,1.0000000000000002,1.0000000000000002
2022-06-30 14:00:00,0.9813888888888886,0.9813888888888886
2022-06-30 15:00:00,0.9975,0.9975
2022-06-30 16:00:00,0.7958333333333332,0.9988888888888886
2022-06-30 17:00:00,0.6448611111111113,0.7511111111111113
2022-06-30 18:00:00,0.7266666666666667,0.8969444444444444
2022-06-30 19:00:00,0.9980555555555554,0.9980555555555554
2022-06-30 20:00:00,0.9636111111111112,0.9636111111111112
2022-06-30 21:00:00,0.9605555555555556,0.9605555555555556
2022-06-30 22:00:00,0.9991666666666666,0.9991666666666666
2022-06-30 23:00:00,0.9788888888888884,0.9788888888888884
2022-07-01 00:00:00,0.999722222222222,0.999722222222222
2022-07-01 01:00:00,0.9627777777777776,0.9627777777777776
2022-07-01 02:00:00,0.9991666666666668,0.9991666666666668
2022-07-01 03:00:00,0.9830555555555556,0.9830555555555556
2022-07-01 04:00:00,0.9838888888888888,0.9838888888888888
2022-07-01 05:00:00,0.9658333333333337,0.9658333333333337
2022-07-01 06:00:00,0.9791666666666664,0.9791666666666664
2022-07-01 07:00:00,0.9977777777777778,0.9977777777777778
2022-07-01 08:00:00,0.9605555555555556,0.9605555555555556
2022-07-01 09:00:00,0.981388888888889,0.981388888888889
2022-07-01 10:00:00,0.965277777777778,0.965277777777778
2022-07-01 11:00:00,0.9797222222222224,0.9797222222222224
2022-07-01 12:00:00,0.9819444444444444,0.9819444444444444
2022-07-01 13:00:00,0.9786111111111108,0.9786111111111108
2022-07-01 14:00:00,0.9994444444444442,0.9994444444444442
2022-07-01 15:00:00,0.9658333333333332,0.9658333333333332
2022-07-01 16:00:00,0.9605555555555552,0.9605555555555552
2022-07-01 17:00:00,0.9855555555555552,0.9855555555555552
2022-07-01 18:00:00,0.9791666666666669,0.9791666666666669
2022-07-01 19:00:00,0.9441666666666664,0.9441666666666664
2022-07-01 20:00:00,0.9986111111111108,0.9986111111111108
2022-07-01 21:00:00,0.9794444444444445,0.9794444444444445
2022-07-01 22:00:00,0.9827777777777776,0.9827777777777776
2022-07-01 23:00:00,0.9799999999999998,0.9799999999999998
2022-07-02 00:00:00,0.9980555555555556,0.9980555555555556
2022-07-02 01:00:00,0.9972222222222222,0.9972222222222222
2022-07-02 02:00:00,0.9797222222222222,0.9797222222222222
2022-07-02 03:00:00,0.9980555555555554,0.9980555555555554
2022-07-02 04:00:00,0.9669444444444446,0.9669444444444446
2022-07-02 05:00:00,0.9994444444444442,0.9994444444444442
2022-07-02 06:00:00,0.9825,0.9825
2022-07-02 07:00:00,0.9974999999999996,0.9974999999999996
2022-07-02 08:00:00,0.9819444444444444,0.9819444444444444
2022-07-02 09:00:00,0.9611111111111112,0.9611111111111112
2022-07-02 10:00:00,0.9988888888888886,0.9988888888888886
2022-07-02 11:00:00,0.9977777777777772,0.9977777777777772
2022-07-02 12:00:00,0.998611111111111,0.998611111111111
2022-07-02 13:00:00,0.980833333333333,0.980833333333333
2022-07-02 14:00:00,0.9805555555555554,0.9805555555555554
2022-07-02 15:00:00,0.979722222222222,0.979722222222222
2022-07-02 16:00:00,0.976944444444444,0.976944444444444
2022-07-02 17:00:00,0.9802777777777776,0.9802777777777776
2022-07-02 18:00:00,0.979444444444444,0.979444444444444
2022-07-02 19:00:00,0.9799999999999998,0.9799999999999998
2022-07-02 20:00:00,0.9786111111111112,0.9786111111111112
2022-07-02 21:00:00,0.9994444444444444,0.9994444444444444
2022-07-02 22:00:00,0.9994444444444442,0.9994444444444442
2022-07-02 23:00:00,0.9624999999999998,0.9624999999999998
2022-07-03 00:00:00,0.998888888888889,0.998888888888889
2022-07-03 01:00:00,0.9969444444444444,0.9969444444444444
2022-07-03 02:00:00,0.9672222222222222,0.9672222222222222
2022-07-03 03:00:00,0.9991666666666664,0.9991666666666664
2022-07-03 04:00:00,0.965277777777778,0.965277777777778
2022-07-03 05:00:00,0.9791666666666669,0.9791666666666669
2022-07-03 06:00:00,0.983888888888889,0.983888888888889
2022-07-03 07:00:00,0.9788888888888888,0.9788888888888888
2022-07-03 08:00:00,0.9808333333333336,0.9808333333333336
2022-07-03 09:00:00,0.9780555555555558,0.9780555555555558
2022-07-03 10:00:00,0.9791666666666669,0.9791666666666669
2022-07-03 11:00:00,0.9838888888888888,0.9838888888888888
2022-07-03 12:00:00,0.9836111111111108,0.9836111111111108
2022-07-03 13:00:00,0.9288888888888888,0.9288888888888888
2022-07-03 14:00:00,0.9788888888888886,0.9788888888888886
2022-07-03 15:00:00,0.9772222222222224,0.9772222222222224
2022-07-03 16:00:00,0.9833333333333334,0.9833333333333334
2022-07-03 17:00:00,0.9980555555555553,0.9980555555555553
2022-07-03 18:00:00,0.979444444444444,0.979444444444444
2022-07-03 19:00:00,0.9988888888888888,0.9988888888888888
2022-07-03 20:00:00,0.9966666666666666,0.9966666666666666
2022-07-03 21:00:00,0.9819444444444448,0.9819444444444448
2022-07-03 22:00:00,0.9986111111111108,0.9986111111111108
2022-07-03 23:00:00,0.9502777777777776,0.9502777777777776
2022-07-04 00:00:00,0.9813888888888884,0.9813888888888884
2022-07-04 01:00:00,0.966388888888889,0.966388888888889
2022-07-04 02:00:00,0.9802777777777776,0.9802777777777776
2022-07-04 03:00:00,0.9802777777777778,0.9802777777777778
2022-07-04 04:00:00,0.9833333333333328,0.9833333333333328
2022-07-04 05:00:00,0.9491666666666666,0.9491666666666666
2022-07-04 06:00:00,0.9811111111111108,0.9811111111111108
2022-07-04 07:00:00,0.9811111111111112,0.9811111111111112
2022-07-04 08:00:00,0.9997222222222222,0.9997222222222222
2022-07-04 09:00:00,0.9813888888888888,0.9813888888888888
2022-07-04 10:00:00,1.0,1.0
2022-07-04 11:00:00,0.9802777777777778,0.9802777777777778
2022-07-04 12:00:00,0.9827777777777776,0.9827777777777776
2022-07-04 13:00:00,0.9800000000000002,0.9800000000000002
2022-07-04 14:00:00,0.9825000000000006,0.9825000000000006
2022-07-04 15:00:00,0.9786111111111112,0.9786111111111112
2022-07-04 16:00:00,0.9475,0.9475
2022-07-04 17:00:00,0.9666666666666666,0.9666666666666666
2022-07-04 18:00:00,0.9825000000000002,0.9825000000000002
2022-07-04 19:00:00,0.983055555555556,0.983055555555556
2022-07-04 20:00:00,0.9997222222222224,0.9997222222222224
2022-07-04 21:00:00,0.9830555555555556,0.9830555555555556
2022-07-04 22:00:00,0.968333333333333,0.968333333333333
2022-07-04 23:00:00,0.975277777777778,0.975277777777778
2022-07-05 00:00:00,0.9799999999999998,0.9799999999999998
2022-07-05 01:00:00,0.9788888888888888,0.9788888888888888
2022-07-05 02:00:00,0.9813888888888884,0.9813888888888884
2022-07-05 03:00:00,0.979722222222222,0.979722222222222
2022-07-05 04:00:00,0.9899999999999998,0.9899999999999998
2022-07-05 05:00:00,0.983611111111111,0.983611111111111
2022-07-05 06:00:00,0.9847222222222224,0.9847222222222224
2022-07-05 07:00:00,0.9497222222222222,0.9497222222222222
2022-07-05 08:00:00,0.949722222222222,0.949722222222222
2022-07-05 09:00:00,0.981111111111111,0.981111111111111
2022-07-05 10:00:00,0.929722222222222,0.929722222222222
2022-07-05 11:00:00,0.9833333333333336,0.9833333333333336
2022-07-05 12:00:00,0.983611111111111,0.983611111111111
2022-07-05 13:00:00,0.9824999999999996,0.9824999999999996
2022-07-05 14:00:00,0.9830555555555556,0.9830555555555556
2022-07-05 15:00:00,0.9969444444444444,0.9969444444444444
2022-07-05 16:00:00,0.9994444444444444,0.9994444444444444
2022-07-05 17:00:00,0.9825,0.9825
2022-07-05 18:00:00,0.982222222222222,0.982222222222222
2022-07-05 19:00:00,0.9769444444444448,0.9769444444444448
2022-07-05 20:00:00,0.9980555555555556,0.9980555555555556
2022-07-05 21:00:00,0.9447222222222222,0.9447222222222222
2022-07-05 22:00:00,0.9980555555555556,0.9980555555555556
2022-07-05 23:00:00,0.9994444444444444,0.9994444444444444
2022-07-06 00:00:00,0.9980555555555556,0.9980555555555556
2022-07-06 01:00:00,0.9627777777777776,0.9627777777777776
2022-07-06 02:00:00,0.9983333333333332,0.9983333333333332
2022-07-06 03:00:00,0.997222222222222,0.997222222222222
2022-07-06 04:00:00,0.9816666666666668,0.9816666666666668
2022-07-06 05:00:00,0.9808333333333332,0.9808333333333332
2022-07-06 06:00:00,0.9938888888888888,0.9938888888888888
2022-07-06 07:00:00,0.9836111111111112,0.9836111111111112
2022-07-06 08:00:00,0.9774999999999998,0.9774999999999998
2022-07-06 09:00:00,0.9761111111111112,0.9761111111111112
2022-07-06 10:00:00,0.9494444444444448,0.9494444444444448
2022-07-06 11:00:00,0.9833333333333332,0.9833333333333332
2022-07-06 12:00:00,0.9808333333333332,0.9808333333333332
2022-07-06 13:00:00,0.9799999999999996,0.9799999999999996
2022-07-06 14:00:00,0.9624999999999998,0.9624999999999998
2022-07-06 15:00:00,0.978611111111111,0.978611111111111
2022-07-06 16:00:00,0.9824999999999998,0.9824999999999998
2022-07-06 17:00:00,0.9791666666666669,0.9791666666666669
2022-07-06 18:00:00,0.9986111111111112,0.9986111111111112
2022-07-06 19:00:00,0.9786111111111108,0.9786111111111108
2022-07-06 20:00:00,0.9988888888888886,0.9988888888888886
2022-07-06 21:00:00,0.98,0.98
2022-07-06 22:00:00,0.9947222222222222,0.9947222222222222
2022-07-06 23:00:00,0.9780555555555556,0.9780555555555556
2022-07-07 00:00:00,0.9963888888888888,0.9963888888888888
2022-07-07 01:00:00,0.8941666666666666,0.8941666666666666
2022-07-07 02:00:00,0.9811111111111104,0.9811111111111104
2022-07-07 03:00:00,0.9144444444444444,0.9144444444444444
2022-07-07 04:00:00,0.9780555555555556,0.9780555555555556
2022-07-07 05:00:00,0.9786111111111108,0.9786111111111108
2022-07-07 06:00:00,0.9997222222222224,0.9997222222222224
2022-07-07 07:00:00,0.9261111111111108,0.9261111111111108
2022-07-07 08:00:00,0.9955555555555554,0.9955555555555554
2022-07-07 09:00:00,0.9830555555555552,0.9830555555555552
2022-07-07 10:00:00,0.994722222222222,0.994722222222222
2022-07-07 11:00:00,0.9772222222222222,0.9772222222222222
2022-07-07 12:00:00,0.9991666666666668,0.9991666666666668
2022-07-07 13:00:00,0.9302777777777773,0.9813888888888884
2022-07-07 14:00:00,0.07444444444444445,0.1108333333333333
2022-07-07 15:00:00,0.36583333333333334,0.3161111111111111
2022-07-07 16:00:00,0.42916666666666664,0.8427777777777777
2022-07-07 17:00:00,0.5505555555555555,0.7358333333333332
2022-07-07 18:00:00,0.998888888888889,0.998888888888889
2022-07-07 19:00:00,0.9963888888888888,0.9963888888888888
2022-07-07 20:00:00,0.981111111111111,0.981111111111111
2022-07-07 21:00:00,0.9794444444444445,0.9794444444444445
2022-07-07 22:00:00,0.9777777777777776,0.9777777777777776
2022-07-07 23:00:00,0.981111111111111,0.981111111111111
2022-07-08 00:00:00,0.9766666666666668,0.9766666666666668
2022-07-08 01:00:00,0.9672222222222224,0.9672222222222224
2022-07-08 02:00:00,0.9827777777777776,0.9827777777777776
2022-07-08 03:00:00,0.9780555555555552,0.9780555555555552
2022-07-08 04:00:00,0.9805555555555554,0.9805555555555554
2022-07-08 05:00:00,0.9805555555555556,0.9805555555555556
2022-07-08 06:00:00,0.9980555555555556,0.9980555555555556
2022-07-08 07:00:00,0.9963888888888884,0.9963888888888884
2022-07-08 08:00:00,0.9808333333333332,0.9808333333333332
2022-07-08 09:00:00,0.9819444444444446,0.9819444444444446
2022-07-08 10:00:00,0.9294444444444444,0.9294444444444444
2022-07-08 11:00:00,0.9813888888888884,0.9813888888888884
2022-07-08 12:00:00,0.9763888888888884,0.9763888888888884
2022-07-08 13:00:00,0.9805555555555552,0.9805555555555552
2022-07-08 14:00:00,0.9805555555555552,0.9805555555555552
2022-07-08 15:00:00,0.9791666666666664,0.9791666666666664
2022-07-08 16:00:00,0.9766666666666662,0.9766666666666662
2022-07-08 17:00:00,0.9630555555555558,0.9630555555555558
2022-07-08 18:00:00,0.9952777777777778,0.9952777777777778
2022-07-08 19:00:00,0.9799999999999996,0.9799999999999996
2022-07-08 20:00:00,0.9986111111111112,0.9986111111111112
2022-07-08 21:00:00,1.0000000000000002,1.0000000000000002
2022-07-08 22:00:00,0.9991666666666666,0.9991666666666666
2022-07-08 23:00:00,0.9958333333333332,0.9958333333333332
2022-07-09 00:00:00,0.9963888888888888,0.9963888888888888
2022-07-09 01:00:00,0.9136111111111112,0.9136111111111112
2022-07-09 02:00:00,0.9805555555555556,0.9805555555555556
2022-07-09 03:00:00,0.9830555555555552,0.9830555555555552
2022-07-09 04:00:00,0.9294444444444444,0.9294444444444444
2022-07-09 05:00:00,0.9741666666666668,0.9741666666666668
2022-07-09 06:00:00,0.9752777777777778,0.9752777777777778
2022-07-09 07:00:00,0.995833333333333,0.995833333333333
2022-07-09 08:00:00,0.9991666666666664,0.9991666666666664
2022-07-09 09:00:00,0.9975,0.9975
2022-07-09 10:00:00,0.9986111111111112,0.9986111111111112
2022-07-09 11:00:00,0.9791666666666664,0.9791666666666664
2022-07-09 12:00:00,0.9994444444444442,0.9994444444444442
2022-07-09 13:00:00,0.9627777777777776,0.9627777777777776
2022-07-09 14:00:00,0.9811111111111108,0.9811111111111108
2022-07-09 15:00:00,0.9977777777777777,0.9977777777777777
2022-07-09 16:00:00,0.9783333333333336,0.9783333333333336
2022-07-09 17:00:00,0.9797222222222224,0.9797222222222224
2022-07-09 18:00:00,0.9997222222222222,0.9997222222222222
2022-07-09 19:00:00,0.999444444444444,0.999444444444444
2022-07-09 20:00:00,0.9969444444444444,0.9969444444444444
2022-07-09 21:00:00,0.982222222222222,0.982222222222222
2022-07-09 22:00:00,0.9975,0.9975
2022-07-09 23:00:00,0.9777777777777776,0.9777777777777776
2022-07-10 00:00:00,0.9633333333333336,0.9633333333333336
2022-07-10 01:00:00,0.9769444444444446,0.9769444444444446
2022-07-10 02:00:00,0.8952777777777778,0.8952777777777778
2022-07-10 03:00:00,0.9961111111111112,0.9961111111111112
2022-07-10 04:00:00,0.985,0.985
2022-07-10 05:00:00,0.9808333333333332,0.9808333333333332
2022-07-10 06:00:00,0.9647222222222224,0.9647222222222224
2022-07-10 07:00:00,0.9861111111111112,0.9861111111111112
2022-07-10 08:00:00,0.9811111111111112,0.9811111111111112
2022-07-10 09:00:00,0.9769444444444444,0.9769444444444444
2022-07-10 10:00:00,0.9994444444444444,0.9994444444444444
2022-07-10 11:00:00,0.9966666666666664,0.9966666666666664
2022-07-10 12:00:00,0.9800000000000002,0.9800000000000002
2022-07-10 13:00:00,0.9961111111111108,0.9961111111111108
2022-07-10 14:00:00,0.9729166666666664,0.9494444444444444
2022-07-10 15:00:00,0.9324999999999999,0.8822222222222222
2022-07-10 16:00:00,0.8827777777777777,0.9983333333333332
2022-07-10 17:00:00,0.5887499999999999,0.978611111111111
2022-07-10 18:00:00,0.7300000000000001,0.9641666666666668
2022-07-10 19:00:00,0.7870833333333334,0.9105555555555556
2022-07-10 20:00:00,0.995,0.995
2022-07-10 21:00:00,0.9761111111111112,0.9761111111111112
2022-07-10 22:00:00,0.978888888888889,0.978888888888889
2022-07-10 23:00:00,0.9994444444444446,0.9994444444444446
2022-07-11 00:00:00,0.9788888888888888,0.9788888888888888
2022-07-11 01:00:00,0.9813888888888888,0.9813888888888888
2022-07-11 02:00:00,0.9413888888888892,0.9413888888888892
2022-07-11 03:00:00,0.9952777777777776,0.9952777777777776
2022-07-11 04:00:00,0.9816666666666666,0.9816666666666666
2022-07-11 05:00:00,0.9827777777777774,0.9827777777777774
2022-07-11 06:00:00,0.9816666666666668,0.9816666666666668
2022-07-11 07:00:00,0.9663888888888889,0.9663888888888889
2022-07-11 08:00:00,0.9958333333333336,0.9958333333333336
2022-07-11 09:00:00,0.9663888888888889,0.9663888888888889
2022-07-11 10:00:00,0.9974999999999996,0.9974999999999996
2022-07-11 11:00:00,0.9669444444444444,0.9669444444444444
2022-07-11 12:00:00,0.9994444444444442,0.9994444444444442
2022-07-11 13:00:00,0.9744444444444446,0.9744444444444446
2022-07-11 14:00:00,0.31222222222222223,0.2638888888888889
2022-07-11 15:00:00,0.7001388888888889,0.8997222222222222
2022-07-11 16:00:00,0.9997222222222224,0.9997222222222224
2022-07-11 17:00:00,0.9805555555555556,0.9805555555555556
2022-07-11 18:00:00,0.98,0.98
2022-07-11 19:00:00,0.6738888888888889,0.6930555555555555
2022-07-11 20:00:00,0.8588888888888886,0.9327777777777774
2022-07-11 21:00:00,0.9794444444444442,0.9794444444444442
2022-07-11 22:00:00,0.9994444444444444,0.9994444444444444
2022-07-11 23:00:00,0.9805555555555552,0.9805555555555552
2022-07-12 00:00:00,0.982222222222222,0.982222222222222
2022-07-12 01:00:00,0.9755555555555556,0.9755555555555556
2022-07-12 02:00:00,0.9805555555555556,0.9805555555555556
2022-07-12 03:00:00,0.9441666666666668,0.9441666666666668
2022-07-12 04:00:00,0.992777777777778,0.992777777777778
2022-07-12 05:00:00,0.9986111111111112,0.9986111111111112
2022-07-12 06:00:00,0.9833333333333332,0.9833333333333332
2022-07-12 07:00:00,0.9969444444444449,0.9969444444444449
2022-07-12 08:00:00,0.9469444444444444,0.9469444444444444
2022-07-12 09:00:00,0.9816666666666666,0.9816666666666666
2022-07-12 10:00:00,0.9822222222222224,0.9822222222222224
2022-07-12 11:00:00,0.998611111111111,0.998611111111111
2022-07-12 12:00:00,0.8636111111111111,0.6816666666666668
2022-07-12 13:00:00,0.29874999999999996,0.2627777777777778
2022-07-12 14:00:00,0.0593055555555555,0.0622222222222222
2022-07-12 15:00:00,0.7431944444444443,0.7663888888888888
2022-07-12 16:00:00,0.999444444444444,0.999444444444444
2022-07-12 17:00:00,0.9936111111111112,0.9936111111111112
2022-07-12 18:00:00,0.999722222222222,0.999722222222222
2022-07-12 19:00:00,0.9961111111111108,0.9961111111111108
2022-07-12 20:00:00,0.979444444444444,0.979444444444444
2022-07-12 21:00:00,0.9974999999999998,0.9974999999999998
2022-07-12 22:00:00,0.9955555555555554,0.9955555555555554
2022-07-12 23:00:00,0.9805555555555556,0.9805555555555556
2022-07-13 00:00:00,0.9474999999999996,0.9474999999999996
2022-07-13 01:00:00,0.7708333333333331,0.7708333333333331
2022-07-13 02:00:00,0.9780555555555552,0.9780555555555552
2022-07-13 03:00:00,0.9991666666666664,0.9991666666666664
2022-07-13 04:00:00,0.9961111111111108,0.9961111111111108
2022-07-13 05:00:00,0.9511111111111108,0.9511111111111108
2022-07-13 06:00:00,0.9999999999999998,0.9999999999999998
2022-07-13 07:00:00,0.9980555555555554,0.9980555555555554
2022-07-13 08:00:00,0.9772222222222222,0.9772222222222222
2022-07-13 09:00:00,0.9991666666666664,0.9991666666666664
2022-07-13 10:00:00,0.9988888888888888,0.9988888888888888
2022-07-13 11:00:00,0.974722222222222,0.974722222222222
2022-07-13 12:00:00,0.9816666666666664,0.9816666666666664
2022-07-13 13:00:00,0.9983333333333332,0.9983333333333332
2022-07-13 14:00:00,0.9813888888888886,0.9813888888888886
2022-07-13 15:00:00,0.9991666666666664,0.9991666666666664
2022-07-13 16:00:00,0.961111111111111,0.961111111111111
2022-07-13 17:00:00,0.9936111111111108,0.9936111111111108
2022-07-13 18:00:00,0.998888888888889,0.998888888888889
2022-07-13 19:00:00,0.966111111111111,0.966111111111111
2022-07-13 20:00:00,0.9805555555555552,0.9805555555555552
2022-07-13 21:00:00,0.9791666666666664,0.9791666666666664
2022-07-13 22:00:00,0.9941666666666664,0.9941666666666664
2022-07-13 23:00:00,0.9791666666666669,0.9791666666666669
2022-07-14 00:00:00,0.9608333333333334,0.9608333333333334
2022-07-14 01:00:00,0.9658333333333332,0.9658333333333332
2022-07-14 02:00:00,0.9808333333333332,0.9808333333333332
2022-07-14 03:00:00,0.9625,0.9625
2022-07-14 04:00:00,0.9644444444444448,0.9644444444444448
2022-07-14 05:00:00,0.9974999999999998,0.9974999999999998
2022-07-14 06:00:00,0.9994444444444444,0.9994444444444444
2022-07-14 07:00:00,0.9788888888888886,0.9788888888888886
2022-07-14 08:00:00,0.9805555555555554,0.9805555555555554
2022-07-14 09:00:00,0.9974999999999996,0.9974999999999996
2022-07-14 10:00:00,0.9797222222222224,0.9797222222222224
2022-07-14 11:00:00,0.9961111111111112,0.9961111111111112
2022-07-14 12:00:00,0.9661111111111108,0.9661111111111108
2022-07-14 13:00:00,0.9955555555555556,0.9955555555555556
2022-07-14 14:00:00,0.9752777777777776,0.9752777777777776
2022-07-14 15:00:00,0.9991666666666668,0.9991666666666668
2022-07-14 16:00:00,0.9588888888888883,0.9588888888888883
2022-07-14 17:00:00,0.9980555555555556,0.9980555555555556
2022-07-14 18:00:00,0.9969444444444444,0.9969444444444444
2022-07-14 19:00:00,0.945,0.945
2022-07-14 20:00:00,0.9774999999999996,0.9774999999999996
2022-07-14 21:00:00,0.9827777777777776,0.9827777777777776
2022-07-14 22:00:00,0.994722222222222,0.994722222222222
2022-07-14 23:00:00,0.9730555555555556,0.9730555555555556
2022-07-15 00:00:00,0.9816666666666668,0.9816666666666668
2022-07-15 01:00:00,0.9816666666666664,0.9816666666666664
2022-07-15 02:00:00,0.9297222222222224,0.9297222222222224
2022-07-15 03:00:00,0.9427777777777776,0.9427777777777776
2022-07-15 04:00:00,0.994722222222222,0.994722222222222
2022-07-15 05:00:00,0.9883333333333328,0.9883333333333328
2022-07-15 06:00:00,0.9966666666666666,0.9966666666666666
2022-07-15 07:00:00,0.977222222222222,0.977222222222222
2022-07-15 08:00:00,0.9925,0.9925
2022-07-15 09:00:00,0.9825,0.9825
2022-07-15 10:00:00,0.9969444444444449,0.9969444444444449
2022-07-15 11:00:00,0.975,0.975
2022-07-15 12:00:00,0.995,0.995
2022-07-15 13:00:00,0.962222222222222,0.962222222222222
2022-07-15 14:00:00,0.9780555555555556,0.9780555555555556
2022-07-15 15:00:00,0.9924999999999998,0.9924999999999998
2022-07-15 16:00:00,0.9725,0.9725
2022-07-15 17:00:00,0.996388888888889,0.996388888888889
2022-07-15 18:00:00,0.9777777777777774,0.9777777777777774
2022-07-15 19:00:00,0.998611111111111,0.998611111111111
2022-07-15 20:00:00,0.9794444444444446,0.9794444444444446
2022-07-15 21:00:00,0.998888888888889,0.998888888888889
2022-07-15 22:00:00,0.9783333333333328,0.9783333333333328
2022-07-15 23:00:00,0.9963888888888888,0.9963888888888888
2022-07-16 00:00:00,0.9780555555555552,0.9780555555555552
2022-07-16 01:00:00,0.9794444444444445,0.9794444444444445
2022-07-16 02:00:00,0.999444444444444,0.999444444444444
2022-07-16 03:00:00,0.9586111111111112,0.9586111111111112
2022-07-16 04:00:00,0.9786111111111108,0.9786111111111108
2022-07-16 05:00:00,0.9808333333333332,0.9808333333333332
2022-07-16 06:00:00,0.998888888888889,0.998888888888889
2022-07-16 07:00:00,0.9938888888888888,0.9938888888888888
2022-07-16 08:00:00,0.998888888888889,0.998888888888889
2022-07-16 09:00:00,0.9936111111111108,0.9936111111111108
2022-07-16 10:00:00,0.9833333333333332,0.9833333333333332
2022-07-16 11:00:00,0.9805555555555556,0.9805555555555556
2022-07-16 12:00:00,0.9963888888888892,0.9963888888888892
2022-07-16 13:00:00,0.965,0.965
2022-07-16 14:00:00,0.9986111111111108,0.9986111111111108
2022-07-16 15:00:00,0.9775,0.9775
2022-07-16 16:00:00,0.9974999999999998,0.9974999999999998
2022-07-16 17:00:00,0.9988888888888888,0.9988888888888888
2022-07-16 18:00:00,0.9772222222222222,0.9772222222222222
2022-07-16 19:00:00,0.9786111111111108,0.9786111111111108
2022-07-16 20:00:00,0.9980555555555554,0.9980555555555554
2022-07-16 21:00:00,0.9952777777777774,0.9952777777777774
2022-07-16 22:00:00,0.996111111111111,0.996111111111111
2022-07-16 23:00:00,0.9769444444444444,0.9769444444444444
2022-07-17 00:00:00,0.9813888888888886,0.9813888888888886
2022-07-17 01:00:00,0.983888888888889,0.983888888888889
2022-07-17 02:00:00,0.9991666666666666,0.9991666666666666
2022-07-17 03:00:00,0.9833333333333332,0.9833333333333332
2022-07-17 04:00:00,0.9986111111111104,0.9986111111111104
2022-07-17 05:00:00,0.9588888888888888,0.9588888888888888
2022-07-17 06:00:00,0.979444444444444,0.979444444444444
2022-07-17 07:00:00,0.9813888888888884,0.9813888888888884
2022-07-17 08:00:00,0.9963888888888884,0.9963888888888884
2022-07-17 09:00:00,0.9775,0.9775
2022-07-17 10:00:00,0.9794444444444446,0.9794444444444446
2022-07-17 11:00:00,0.9977777777777778,0.9977777777777778
2022-07-17 12:00:00,0.96,0.96
2022-07-17 13:00:00,0.9994444444444446,0.9994444444444446
2022-07-17 14:00:00,0.9972222222222222,0.9972222222222222
2022-07-17 15:00:00,0.9758333333333336,0.9758333333333336
2022-07-17 16:00:00,1.0000000000000002,1.0000000000000002
2022-07-17 17:00:00,0.9994444444444446,0.9994444444444446
2022-07-17 18:00:00,0.9661111111111108,0.9661111111111108
2022-07-17 19:00:00,0.992777777777778,0.992777777777778
2022-07-17 20:00:00,0.9802777777777778,0.9802777777777778
2022-07-17 21:00:00,0.9969444444444444,0.9969444444444444
2022-07-17 22:00:00,0.9813888888888892,0.9813888888888892
2022-07-17 23:00:00,0.9986111111111112,0.9986111111111112
2022-07-18 00:00:00,0.981111111111111,0.981111111111111
2022-07-18 01:00:00,0.976944444444444,0.976944444444444
2022-07-18 02:00:00,0.9797222222222224,0.9797222222222224
2022-07-18 03:00:00,0.962222222222222,0.962222222222222
2022-07-18 04:00:00,0.9991666666666668,0.9991666666666668
2022-07-18 05:00:00,0.9880555555555556,0.9880555555555556
2022-07-18 06:00:00,0.9794444444444442,0.9794444444444442
2022-07-18 07:00:00,0.9466666666666664,0.9466666666666664
2022-07-18 08:00:00,0.9808333333333332,0.9808333333333332
2022-07-18 09:00:00,0.9808333333333336,0.9808333333333336
2022-07-18 10:00:00,0.9963888888888888,0.9963888888888888
2022-07-18 11:00:00,0.9641666666666664,0.9641666666666664
2022-07-18 12:00:00,0.9961111111111112,0.9961111111111112
2022-07-18 13:00:00,0.999722222222222,0.999722222222222
2022-07-18 14:00:00,0.980833333333333,0.980833333333333
2022-07-18 15:00:00,0.997777777777778,0.997777777777778
2022-07-18 16:00:00,0.9941666666666664,0.9941666666666664
2022-07-18 17:00:00,0.927222222222222,0.927222222222222
2022-07-18 18:00:00,0.981388888888889,0.981388888888889
2022-07-18 19:00:00,0.9797222222222224,0.9797222222222224
2022-07-18 20:00:00,0.9980555555555554,0.9980555555555554
2022-07-18 21:00:00,0.979444444444444,0.979444444444444
2022-07-18 22:00:00,0.9772222222222222,0.9772222222222222
2022-07-18 23:00:00,0.9988888888888888,0.9988888888888888
2022-07-19 00:00:00,0.998611111111111,0.998611111111111
2022-07-19 01:00:00,0.9766666666666668,0.9766666666666668
2022-07-19 02:00:00,0.8983333333333332,0.8983333333333332
2022-07-19 03:00:00,0.9805555555555554,0.9805555555555554
2022-07-19 04:00:00,0.9794444444444446,0.9794444444444446
2022-07-19 05:00:00,0.9822222222222224,0.9822222222222224
2022-07-19 06:00:00,0.9438888888888888,0.9438888888888888
2022-07-19 07:00:00,0.9991666666666668,0.9991666666666668
2022-07-19 08:00:00,0.959722222222222,0.959722222222222
2022-07-19 09:00:00,0.9466666666666668,0.9466666666666668
2022-07-19 10:00:00,0.9797222222222224,0.9797222222222224
2022-07-19 11:00:00,0.979444444444444,0.979444444444444
2022-07-19 12:00:00,0.668472222222222,0.8641666666666663
2022-07-19 13:00:00,0.8290277777777779,0.6861111111111112
2022-07-19 14:00:00,0.04597222222222215,0.0155555555555555
2022-07-19 15:00:00,0.62875,0.6541666666666667
2022-07-19 16:00:00,0.9966666666666666,0.9966666666666666
2022-07-19 17:00:00,0.9952777777777776,0.9952777777777776
2022-07-19 18:00:00,0.9777777777777776,0.9777777777777776
2022-07-19 19:00:00,0.9980555555555553,0.9980555555555553
2022-07-19 20:00:00,0.9966666666666668,0.9966666666666668
2022-07-19 21:00:00,0.977777777777778,0.977777777777778
2022-07-19 22:00:00,0.9783333333333332,0.9783333333333332
2022-07-19 23:00:00,0.9777777777777776,0.9777777777777776
2022-07-20 00:00:00,0.9780555555555552,0.9780555555555552
2022-07-20 01:00:00,0.9836111111111108,0.9836111111111108
2022-07-20 02:00:00,0.9786111111111112,0.9786111111111112
2022-07-20 03:00:00,0.9641666666666668,0.9641666666666668
2022-07-20 04:00:00,0.9999999999999998,0.9999999999999998
2022-07-20 05:00:00,0.9966666666666668,0.9966666666666668
2022-07-20 06:00:00,0.9936111111111108,0.9936111111111108
2022-07-20 07:00:00,0.9783333333333336,0.9783333333333336
2022-07-20 08:00:00,0.9933333333333334,0.9933333333333334
2022-07-20 09:00:00,0.9936111111111112,0.9936111111111112
2022-07-20 10:00:00,0.9983333333333334,0.9983333333333334
2022-07-20 11:00:00,0.9963888888888888,0.9963888888888888
2022-07-20 12:00:00,0.9991666666666664,0.9991666666666664
2022-07-20 13:00:00,0.9799999999999998,0.9799999999999998
2022-07-20 14:00:00,0.9975000000000002,0.9975000000000002
2022-07-20 15:00:00,0.9830555555555556,0.9830555555555556
2022-07-20 16:00:00,0.8979166666666665,0.9983333333333332
2022-07-20 17:00:00,0.637361111111111,0.691111111111111
2022-07-20 18:00:00,0.9980555555555556,0.9980555555555556
2022-07-20 19:00:00,0.9988888888888888,0.9988888888888888
2022-07-20 20:00:00,0.9975000000000004,0.9975000000000004
2022-07-20 21:00:00,0.9788888888888888,0.9788888888888888
2022-07-20 22:00:00,0.9788888888888893,0.9788888888888893
2022-07-20 23:00:00,0.9791666666666664,0.9791666666666664
2022-07-21 00:00:00,0.9972222222222225,0.9972222222222225
2022-07-21 01:00:00,0.9769444444444444,0.9769444444444444
2022-07-21 02:00:00,0.9991666666666664,0.9991666666666664
2022-07-21 03:00:00,0.9413888888888884,0.9413888888888884
2022-07-21 04:00:00,0.9983333333333332,0.9983333333333332
2022-07-21 05:00:00,0.7972222222222223,0.7972222222222223
2022-07-21 06:00:00,0.9816666666666668,0.9816666666666668
2022-07-21 07:00:00,0.9816666666666668,0.9816666666666668
2022-07-21 08:00:00,0.9969444444444444,0.9969444444444444
2022-07-21 09:00:00,0.9994444444444444,0.9994444444444444
2022-07-21 10:00:00,0.9966666666666668,0.9966666666666668
2022-07-21 11:00:00,0.9788888888888888,0.9788888888888888
2022-07-21 12:00:00,0.9983333333333332,0.9983333333333332
2022-07-21 13:00:00,0.9980555555555556,0.9980555555555556
2022-07-21 14:00:00,0.9424999999999998,0.9424999999999998
2022-07-21 15:00:00,0.9916666666666668,0.9916666666666668
2022-07-21 16:00:00,0.9980555555555556,0.9980555555555556
2022-07-21 17:00:00,0.9933333333333332,0.9933333333333332
2022-07-21 18:00:00,0.9969444444444444,0.9969444444444444
2022-07-21 19:00:00,0.9786111111111112,0.9786111111111112
2022-07-21 20:00:00,0.9966666666666668,0.9966666666666668
2022-07-21 21:00:00,0.977777777777778,0.977777777777778
2022-07-21 22:00:00,0.9780555555555556,0.9780555555555556
2022-07-21 23:00:00,0.9797222222222224,0.9797222222222224
2022-07-22 00:00:00,0.9786111111111108,0.9786111111111108
2022-07-22 01:00:00,0.9794444444444445,0.9794444444444445
2022-07-22 02:00:00,0.9794444444444445,0.9794444444444445
2022-07-22 03:00:00,0.9969444444444442,0.9969444444444442
2022-07-22 04:00:00,0.8805555555555555,0.8805555555555555
2022-07-22 05:00:00,0.9994444444444442,0.9994444444444442
2022-07-22 06:00:00,0.9958333333333332,0.9958333333333332
2022-07-22 07:00:00,0.9791666666666669,0.9791666666666669
2022-07-22 08:00:00,0.9972222222222222,0.9972222222222222
2022-07-22 09:00:00,0.9772222222222224,0.9772222222222224
2022-07-22 10:00:00,0.996944444444444,0.996944444444444
2022-07-22 11:00:00,0.9988888888888886,0.9988888888888886
2022-07-22 12:00:00,1.0000000000000002,1.0000000000000002
2022-07-22 13:00:00,0.9774999999999996,0.9774999999999996
2022-07-22 14:00:00,0.9305555555555552,0.9305555555555552
2022-07-22 15:00:00,0.9980555555555556,0.9980555555555556
2022-07-22 16:00:00,0.9974999999999996,0.9974999999999996
2022-07-22 17:00:00,0.9441666666666666,0.9441666666666666
2022-07-22 18:00:00,0.9780555555555552,0.9780555555555552
2022-07-22 19:00:00,0.947777777777778,0.947777777777778
2022-07-22 20:00:00,0.9766666666666668,0.9766666666666668
2022-07-22 21:00:00,0.9994444444444446,0.9994444444444446
2022-07-22 22:00:00,0.9977777777777777,0.9977777777777777
2022-07-22 23:00:00,0.9983333333333332,0.9983333333333332
2022-07-23 00:00:00,0.9980555555555554,0.9980555555555554
2022-07-23 01:00:00,0.9788888888888888,0.9788888888888888
2022-07-23 02:00:00,0.992222222222222,0.992222222222222
2022-07-23 03:00:00,0.9594444444444448,0.9594444444444448
2022-07-23 04:00:00,0.9780555555555556,0.9780555555555556
2022-07-23 05:00:00,0.9583333333333331,0.9583333333333331
2022-07-23 06:00:00,0.9480555555555557,0.9480555555555557
2022-07-23 07:00:00,0.9955555555555552,0.9955555555555552
2022-07-23 08:00:00,0.9783333333333334,0.9783333333333334
2022-07-23 09:00:00,0.9777777777777776,0.9777777777777776
2022-07-23 10:00:00,0.997222222222222,0.997222222222222
2022-07-23 11:00:00,0.9755555555555556,0.9755555555555556
2022-07-23 12:00:00,0.8647222222222222,0.8799999999999999
2022-07-23 13:00:00,0.5287499999999999,0.6036111111111112
2022-07-23 14:00:00,0.04833333333333325,0.015
2022-07-23 15:00:00,0.8081944444444444,0.7522222222222223
2022-07-23 16:00:00,0.8837499999999999,0.8144444444444444
2022-07-23 17:00:00,0.9972222222222225,0.9972222222222225
2022-07-23 18:00:00,0.996111111111111,0.996111111111111
2022-07-23 19:00:00,0.9658333333333332,0.9658333333333332
2022-07-23 20:00:00,0.9775,0.9775
2022-07-23 21:00:00,0.9997222222222224,0.9997222222222224
2022-07-23 22:00:00,0.9786111111111112,0.9786111111111112
2022-07-23 23:00:00,0.9441666666666664,0.9441666666666664
2022-07-24 00:00:00,0.9738888888888888,0.9738888888888888
2022-07-24 01:00:00,0.9466666666666664,0.9466666666666664
2022-07-24 02:00:00,0.999722222222222,0.999722222222222
2022-07-24 03:00:00,0.8483333333333335,0.8483333333333335
2022-07-24 04:00:00,0.9797222222222224,0.9797222222222224
2022-07-24 05:00:00,0.9791666666666669,0.9791666666666669
2022-07-24 06:00:00,0.9797222222222224,0.9797222222222224
2022-07-24 07:00:00,0.9627777777777776,0.9627777777777776
2022-07-24 08:00:00,0.9777777777777776,0.9777777777777776
2022-07-24 09:00:00,0.9977777777777777,0.9977777777777777
2022-07-24 10:00:00,0.9927777777777772,0.9927777777777772
2022-07-24 11:00:00,0.9877777777777775,0.9994444444444442
2022-07-24 12:00:00,0.676111111111111,0.7477777777777778
2022-07-24 13:00:00,0.6366666666666666,0.9788888888888888
2022-07-24 14:00:00,0.9972222222222222,0.9972222222222222
2022-07-24 15:00:00,0.993611111111111,0.993611111111111
2022-07-24 16:00:00,0.9330555555555552,0.9330555555555552
2022-07-24 17:00:00,0.9824999999999998,0.9824999999999998
2022-07-24 18:00:00,1.0,1.0
2022-07-24 19:00:00,0.997777777777778,0.997777777777778
2022-07-24 20:00:00,0.9830555555555556,0.9830555555555556
2022-07-24 21:00:00,0.9816666666666664,0.9816666666666664
2022-07-24 22:00:00,0.9824999999999998,0.9824999999999998
2022-07-24 23:00:00,0.9969444444444444,0.9969444444444444
2022-07-25 00:00:00,0.9972222222222222,0.9972222222222222
2022-07-25 01:00:00,0.9791666666666664,0.9791666666666664
2022-07-25 02:00:00,0.980833333333333,0.980833333333333
2022-07-25 03:00:00,0.9825,0.9825
2022-07-25 04:00:00,0.9955555555555552,0.9955555555555552
2022-07-25 05:00:00,0.9486111111111112,0.9486111111111112
2022-07-25 06:00:00,0.9977777777777778,0.9977777777777778
2022-07-25 07:00:00,0.977222222222222,0.977222222222222
2022-07-25 08:00:00,0.9986111111111112,0.9986111111111112
2022-07-25 09:00:00,0.9980555555555554,0.9980555555555554
2022-07-25 10:00:00,0.9794444444444445,0.9794444444444445
2022-07-25 11:00:00,0.9969444444444444,0.9969444444444444
2022-07-25 12:00:00,0.9655555555555556,0.9655555555555556
2022-07-25 13:00:00,0.8938888888888888,0.8938888888888888
2022-07-25 14:00:00,0.995,0.995
2022-07-25 15:00:00,0.959722222222222,0.959722222222222
2022-07-25 16:00:00,0.9997222222222222,0.9997222222222222
2022-07-25 17:00:00,0.9638888888888884,0.9638888888888884
2022-07-25 18:00:00,0.965833333333333,0.965833333333333
2022-07-25 19:00:00,0.9955555555555552,0.9955555555555552
2022-07-25 20:00:00,0.9805555555555552,0.9805555555555552
2022-07-25 21:00:00,0.975833333333333,0.975833333333333
2022-07-25 22:00:00,0.9983333333333332,0.9983333333333332
2022-07-25 23:00:00,0.9988888888888888,0.9988888888888888
2022-07-26 00:00:00,0.9766666666666668,0.9766666666666668
2022-07-26 01:00:00,0.9819444444444442,0.9819444444444442
2022-07-26 02:00:00,0.9786111111111112,0.9786111111111112
2022-07-26 03:00:00,0.9811111111111112,0.9811111111111112
2022-07-26 04:00:00,0.977222222222222,0.977222222222222
2022-07-26 05:00:00,0.9763888888888886,0.9763888888888886
2022-07-26 06:00:00,0.9966666666666664,0.9966666666666664
2022-07-26 07:00:00,0.9780555555555556,0.9780555555555556
2022-07-26 08:00:00,0.9941666666666668,0.9941666666666668
2022-07-26 09:00:00,0.9983333333333332,0.9983333333333332
2022-07-26 10:00:00,0.9927777777777776,0.9927777777777776
2022-07-26 11:00:00,0.9986111111111108,0.9986111111111108
2022-07-26 12:00:00,0.9774999999999996,0.9774999999999996
2022-07-26 13:00:00,0.9783333333333332,0.9783333333333332
2022-07-26 14:00:00,0.9983333333333332,0.9983333333333332
2022-07-26 15:00:00,0.9991666666666664,0.9991666666666664
2022-07-26 16:00:00,0.9616666666666668,0.9616666666666668
2022-07-26 17:00:00,0.9977777777777774,0.9977777777777774
2022-07-26 18:00:00,0.9952777777777772,0.9952777777777772
2022-07-26 19:00:00,0.9783333333333328,0.9783333333333328
2022-07-26 20:00:00,1.0,1.0
2022-07-26 21:00:00,0.9783333333333334,0.9783333333333334
2022-07-26 22:00:00,0.9788888888888886,0.9788888888888886
2022-07-26 23:00:00,0.995833333333333,0.995833333333333
2022-07-27 00:00:00,0.9469444444444448,0.9469444444444448
2022-07-27 01:00:00,0.9775,0.9775
2022-07-27 02:00:00,0.9936111111111108,0.9936111111111108
2022-07-27 03:00:00,0.9975000000000004,0.9975000000000004
2022-07-27 04:00:00,0.9786111111111108,0.9786111111111108
2022-07-27 05:00:00,0.9761111111111108,0.9761111111111108
2022-07-27 06:00:00,0.9977777777777777,0.9977777777777777
2022-07-27 07:00:00,0.9938888888888886,0.9938888888888886
2022-07-27 08:00:00,0.9963888888888888,0.9963888888888888
2022-07-27 09:00:00,0.9933333333333328,0.9933333333333328
2022-07-27 10:00:00,0.9769444444444444,0.9769444444444444
2022-07-27 11:00:00,0.9958333333333332,0.9958333333333332
2022-07-27 12:00:00,0.9933333333333328,0.9933333333333328
2022-07-27 13:00:00,0.996944444444444,0.996944444444444
2022-07-27 14:00:00,0.9647222222222218,0.9647222222222218
2022-07-27 15:00:00,0.9830555555555552,0.9830555555555552
2022-07-27 16:00:00,0.9279166666666665,0.8741666666666665
2022-07-27 17:00:00,0.9974999999999998,0.9974999999999998
2022-07-27 18:00:00,0.9641666666666666,0.9641666666666666
2022-07-27 19:00:00,0.9966666666666664,0.9966666666666664
2022-07-27 20:00:00,0.98,0.98
2022-07-27 21:00:00,0.9941666666666664,0.9941666666666664
2022-07-27 22:00:00,0.980833333333333,0.980833333333333
2022-07-27 23:00:00,0.9841666666666666,0.9841666666666666
2022-07-28 00:00:00,0.9827777777777778,0.9827777777777778
2022-07-28 01:00:00,0.9775,0.9775
2022-07-28 02:00:00,0.9744444444444444,0.9744444444444444
2022-07-28 03:00:00,0.9991666666666666,0.9991666666666666
2022-07-28 04:00:00,0.9783333333333332,0.9783333333333332
2022-07-28 05:00:00,0.9830555555555552,0.9830555555555552
2022-07-28 06:00:00,0.998611111111111,0.998611111111111
2022-07-28 07:00:00,0.9969444444444444,0.9969444444444444
2022-07-28 08:00:00,0.9777777777777776,0.9777777777777776
2022-07-28 09:00:00,0.999444444444444,0.999444444444444
2022-07-28 10:00:00,0.9986111111111108,0.9986111111111108
2022-07-28 11:00:00,0.9627777777777776,0.9627777777777776
2022-07-28 12:00:00,0.9958333333333332,0.9958333333333332
2022-07-28 13:00:00,0.9783333333333328,0.9783333333333328
2022-07-28 14:00:00,1.0,1.0
2022-07-28 15:00:00,0.9966666666666668,0.9966666666666668
2022-07-28 16:00:00,0.961388888888889,0.961388888888889
2022-07-28 17:00:00,0.9775,0.9775
2022-07-28 18:00:00,0.9936111111111108,0.9936111111111108
2022-07-28 19:00:00,0.8805555555555554,0.8805555555555554
2022-07-28 20:00:00,0.9794444444444445,0.9794444444444445
2022-07-28 21:00:00,0.9988888888888886,0.9988888888888886
2022-07-28 22:00:00,0.98,0.98
2022-07-28 23:00:00,0.9441666666666664,0.9441666666666664
2022-07-29 00:00:00,0.9780555555555556,0.9780555555555556
2022-07-29 01:00:00,0.9788888888888884,0.9788888888888884
2022-07-29 02:00:00,0.9969444444444442,0.9969444444444442
2022-07-29 03:00:00,0.982222222222222,0.982222222222222
2022-07-29 04:00:00,0.98,0.98
2022-07-29 05:00:00,0.9999999999999996,0.9999999999999996
2022-07-29 06:00:00,0.9836111111111108,0.9836111111111108
2022-07-29 07:00:00,0.995,0.995
2022-07-29 08:00:00,0.999722222222222,0.999722222222222
2022-07-29 09:00:00,0.999444444444444,0.999444444444444
2022-07-29 10:00:00,0.9991666666666664,0.9991666666666664
2022-07-29 11:00:00,0.9963888888888884,0.9963888888888884
2022-07-29 12:00:00,0.9983333333333332,0.9983333333333332
2022-07-29 13:00:00,0.965,0.965
2022-07-29 14:00:00,0.9752777777777776,0.9752777777777776
2022-07-29 15:00:00,0.9772222222222224,0.9772222222222224
2022-07-29 16:00:00,0.9783333333333336,0.9783333333333336
2022-07-29 17:00:00,0.9949999999999996,0.9949999999999996
2022-07-29 18:00:00,0.994444444444444,0.994444444444444
2022-07-29 19:00:00,0.9774999999999996,0.9774999999999996
2022-07-29 20:00:00,0.979722222222222,0.979722222222222
2022-07-29 21:00:00,0.98,0.98
2022-07-29 22:00:00,0.996944444444444,0.996944444444444
2022-07-29 23:00:00,0.9797222222222222,0.9797222222222222
2022-07-30 00:00:00,0.9933333333333334,0.9933333333333334
2022-07-30 01:00:00,0.9766666666666666,0.9766666666666666
2022-07-30 02:00:00,0.9955555555555556,0.9955555555555556
2022-07-30 03:00:00,0.9805555555555552,0.9805555555555552
2022-07-30 04:00:00,0.9775,0.9775
2022-07-30 05:00:00,0.9825,0.9825
2022-07-30 06:00:00,0.9972222222222222,0.9972222222222222
2022-07-30 07:00:00,0.9997222222222224,0.9997222222222224
2022-07-30 08:00:00,0.9930555555555556,0.9930555555555556
2022-07-30 09:00:00,0.9788888888888888,0.9788888888888888
2022-07-30 10:00:00,0.8994444444444446,0.8994444444444446
2022-07-30 11:00:00,0.9930555555555552,0.9930555555555552
2022-07-30 12:00:00,0.9802777777777776,0.9802777777777776
2022-07-30 13:00:00,0.6423611111111112,0.6272222222222222
2022-07-30 14:00:00,0.5326388888888888,0.5833333333333331
2022-07-30 15:00:00,0.9958333333333332,0.9958333333333332
2022-07-30 16:00:00,0.9813888888888888,0.9813888888888888
2022-07-30 17:00:00,0.9422222222222222,0.9422222222222222
2022-07-30 18:00:00,0.978611111111111,0.978611111111111
2022-07-30 19:00:00,0.9963888888888888,0.9963888888888888
2022-07-30 20:00:00,0.976944444444444,0.976944444444444
2022-07-30 21:00:00,0.9800000000000004,0.9800000000000004
2022-07-30 22:00:00,0.9825,0.9825
2022-07-30 23:00:00,0.9780555555555552,0.9780555555555552
2022-07-31 00:00:00,0.981388888888889,0.981388888888889
2022-07-31 01:00:00,0.9794444444444446,0.9794444444444446
2022-07-31 02:00:00,0.9819444444444444,0.9819444444444444
2022-07-31 03:00:00,0.982222222222222,0.982222222222222
2022-07-31 04:00:00,0.9816666666666666,0.9816666666666666
2022-07-31 05:00:00,0.9980555555555556,0.9980555555555556
2022-07-31 06:00:00,0.9813888888888888,0.9813888888888888
2022-07-31 07:00:00,0.9794444444444445,0.9794444444444445
2022-07-31 08:00:00,0.9791666666666669,0.9791666666666669
2022-07-31 09:00:00,0.9819444444444444,0.9819444444444444
2022-07-31 10:00:00,0.9811111111111112,0.9811111111111112
2022-07-31 11:00:00,0.9963888888888888,0.9963888888888888
2022-07-31 12:00:00,0.9955555555555554,0.9955555555555554
2022-07-31 13:00:00,0.9983333333333334,0.9983333333333334
2022-07-31 14:00:00,0.9955555555555554,0.9955555555555554
2022-07-31 15:00:00,0.9797222222222222,0.9797222222222222
2022-07-31 16:00:00,0.9794444444444445,0.9794444444444445
2022-07-31 17:00:00,0.9822222222222228,0.9822222222222228
2022-07-31 18:00:00,0.982777777777778,0.982777777777778
2022-07-31 19:00:00,0.9988888888888888,0.9988888888888888
2022-07-31 20:00:00,0.9930555555555552,0.9930555555555552
2022-07-31 21:00:00,0.9780555555555556,0.9780555555555556
2022-07-31 22:00:00,0.995,0.995
2022-07-31 23:00:00,0.9675,0.9675
2022-08-01 00:00:00,0.8611111111111112,0.8611111111111112
2022-08-01 01:00:00,0.9797222222222224,0.9797222222222224
2022-08-01 02:00:00,0.9755555555555554,0.9755555555555554
2022-08-01 03:00:00,0.9811111111111108,0.9811111111111108
2022-08-01 04:00:00,0.9988888888888888,0.9988888888888888
2022-08-01 05:00:00,0.9980555555555554,0.9980555555555554
2022-08-01 06:00:00,0.9830555555555556,0.9830555555555556
2022-08-01 07:00:00,0.96,0.96
2022-08-01 08:00:00,0.9963888888888884,0.9963888888888884
2022-08-01 09:00:00,0.9958333333333332,0.9958333333333332
2022-08-01 10:00:00,0.981111111111111,0.981111111111111
2022-08-01 11:00:00,0.982777777777778,0.982777777777778
2022-08-01 12:00:00,0.9908333333333332,0.9908333333333332
2022-08-01 13:00:00,0.9794444444444445,0.9794444444444445
2022-08-01 14:00:00,0.9805555555555556,0.9805555555555556
2022-08-01 15:00:00,0.9788888888888888,0.9788888888888888
2022-08-01 16:00:00,0.9816666666666664,0.9816666666666664
2022-08-01 17:00:00,0.9794444444444442,0.9794444444444442
2022-08-01 18:00:00,0.9777777777777776,0.9777777777777776
2022-08-01 19:00:00,0.976111111111111,0.976111111111111
2022-08-01 20:00:00,0.9705555555555552,0.9705555555555552
2022-08-01 21:00:00,0.9780555555555552,0.9780555555555552
2022-08-01 22:00:00,0.9811111111111112,0.9811111111111112
2022-08-01 23:00:00,0.9263888888888888,0.9263888888888888
2022-08-02 00:00:00,0.9927777777777776,0.9927777777777776
2022-08-02 01:00:00,0.9827777777777774,0.9827777777777774
2022-08-02 02:00:00,0.946111111111111,0.946111111111111
2022-08-02 03:00:00,0.978888888888889,0.978888888888889
2022-08-02 04:00:00,0.9786111111111112,0.9786111111111112
2022-08-02 05:00:00,0.9783333333333332,0.9783333333333332
2022-08-02 06:00:00,0.9813888888888888,0.9813888888888888
2022-08-02 07:00:00,0.9947222222222224,0.9947222222222224
2022-08-02 08:00:00,0.996111111111111,0.996111111111111
2022-08-02 09:00:00,0.997222222222222,0.997222222222222
2022-08-02 10:00:00,0.98,0.98
2022-08-02 11:00:00,0.9991666666666668,0.9991666666666668
2022-08-02 12:00:00,0.9958333333333332,0.9958333333333332
2022-08-02 13:00:00,0.9938888888888888,0.9938888888888888
2022-08-02 14:00:00,0.9941666666666664,0.9941666666666664
2022-08-02 15:00:00,0.9991666666666664,0.9991666666666664
2022-08-02 16:00:00,0.9975,0.9975
2022-08-02 17:00:00,0.9772222222222224,0.9772222222222224
2022-08-02 18:00:00,0.9780555555555552,0.9780555555555552
2022-08-02 19:00:00,0.9938888888888888,0.9938888888888888
2022-08-02 20:00:00,0.9819444444444444,0.9819444444444444
2022-08-02 21:00:00,0.9952777777777778,0.9952777777777778
2022-08-02 22:00:00,0.9933333333333336,0.9933333333333336
2022-08-02 23:00:00,0.9794444444444445,0.9794444444444445
2022-08-03 00:00:00,0.9975,0.9975
2022-08-03 01:00:00,0.9816666666666664,0.9816666666666664
2022-08-03 02:00:00,0.9805555555555556,0.9805555555555556
2022-08-03 03:00:00,0.9791666666666664,0.9791666666666664
2022-08-03 04:00:00,0.9983333333333332,0.9983333333333332
2022-08-03 05:00:00,0.9788888888888888,0.9788888888888888
2022-08-03 06:00:00,0.9600000000000002,0.9600000000000002
2022-08-03 07:00:00,0.9975000000000002,0.9975000000000002
2022-08-03 08:00:00,0.9813888888888892,0.9813888888888892
2022-08-03 09:00:00,0.9761111111111108,0.9761111111111108
2022-08-03 10:00:00,0.997222222222222,0.997222222222222
2022-08-03 11:00:00,0.999444444444444,0.999444444444444
2022-08-03 12:00:00,0.9977777777777778,0.9977777777777778
2022-08-03 13:00:00,0.996111111111111,0.996111111111111
2022-08-03 14:00:00,0.9933333333333332,0.9933333333333332
2022-08-03 15:00:00,0.9811111111111112,0.9811111111111112
2022-08-03 16:00:00,0.9830555555555556,0.9830555555555556
2022-08-03 17:00:00,0.9972222222222222,0.9972222222222222
2022-08-03 18:00:00,0.9766666666666663,0.9766666666666663
2022-08-03 19:00:00,0.996111111111111,0.996111111111111
2022-08-03 20:00:00,0.96,0.96
2022-08-03 21:00:00,0.9958333333333332,0.9958333333333332
2022-08-03 22:00:00,0.9938888888888888,0.9938888888888888
2022-08-03 23:00:00,0.976944444444444,0.976944444444444
2022-08-04 00:00:00,0.999722222222222,0.999722222222222
2022-08-04 01:00:00,0.9794444444444445,0.9794444444444445
2022-08-04 02:00:00,0.9822222222222226,0.9822222222222226
2022-08-04 03:00:00,0.9816666666666666,0.9816666666666666
2022-08-04 04:00:00,0.9991666666666666,0.9991666666666666
2022-08-04 05:00:00,0.9444444444444446,0.9444444444444446
2022-08-04 06:00:00,0.9794444444444446,0.9794444444444446
2022-08-04 07:00:00,0.9975,0.9975
2022-08-04 08:00:00,0.9786111111111112,0.9786111111111112
2022-08-04 09:00:00,0.995277777777778,0.995277777777778
2022-08-04 10:00:00,0.9780555555555556,0.9780555555555556
2022-08-04 11:00:00,0.9969444444444444,0.9969444444444444
2022-08-04 12:00:00,0.9952777777777778,0.9952777777777778
2022-08-04 13:00:00,0.9744444444444444,0.9744444444444444
2022-08-04 14:00:00,0.9830555555555556,0.9830555555555556
2022-08-04 15:00:00,0.9974999999999998,0.9974999999999998
2022-08-04 16:00:00,0.982777777777778,0.982777777777778
2022-08-04 17:00:00,0.994722222222222,0.994722222222222
2022-08-04 18:00:00,0.9777777777777776,0.9777777777777776
2022-08-04 19:00:00,0.9669444444444444,0.9669444444444444
2022-08-04 20:00:00,0.9941666666666664,0.9941666666666664
2022-08-04 21:00:00,0.9588888888888888,0.9588888888888888
2022-08-04 22:00:00,0.9777777777777776,0.9777777777777776
2022-08-04 23:00:00,0.9827777777777778,0.9827777777777778
2022-08-05 00:00:00,0.9805555555555552,0.9805555555555552
2022-08-05 01:00:00,0.9775,0.9775
2022-08-05 02:00:00,0.9772222222222224,0.9772222222222224
2022-08-05 03:00:00,0.9605555555555554,0.9605555555555554
2022-08-05 04:00:00,0.9797222222222224,0.9797222222222224
2022-08-05 05:00:00,0.9988888888888888,0.9988888888888888
2022-08-05 06:00:00,0.9794444444444446,0.9794444444444446
2022-08-05 07:00:00,0.998611111111111,0.998611111111111
2022-08-05 08:00:00,0.9774999999999996,0.9774999999999996
2022-08-05 09:00:00,0.9658333333333334,0.9658333333333334
2022-08-05 10:00:00,0.9933333333333332,0.9933333333333332
2022-08-05 11:00:00,0.9936111111111112,0.9936111111111112
2022-08-05 12:00:00,0.9969444444444444,0.9969444444444444
2022-08-05 13:00:00,0.925,0.925
2022-08-05 14:00:00,0.9997222222222218,0.9997222222222218
2022-08-05 15:00:00,0.9797222222222224,0.9797222222222224
2022-08-05 16:00:00,0.9811111111111108,0.9811111111111108
2022-08-05 17:00:00,0.9769444444444442,0.9769444444444442
2022-08-05 18:00:00,0.976111111111111,0.976111111111111
2022-08-05 19:00:00,0.977777777777778,0.977777777777778
2022-08-05 20:00:00,0.9994444444444444,0.9994444444444444
2022-08-05 21:00:00,0.9977777777777777,0.9977777777777777
2022-08-05 22:00:00,0.9827777777777774,0.9827777777777774
2022-08-05 23:00:00,0.999722222222222,0.999722222222222
2022-08-06 00:00:00,0.9975000000000002,0.9975000000000002
2022-08-06 01:00:00,0.9608333333333334,0.9608333333333334
2022-08-06 02:00:00,0.9772222222222224,0.9772222222222224
2022-08-06 03:00:00,0.9819444444444444,0.9819444444444444
2022-08-06 04:00:00,0.9802777777777778,0.9802777777777778
2022-08-06 05:00:00,0.9625,0.9625
2022-08-06 06:00:00,0.9616666666666666,0.9616666666666666
2022-08-06 07:00:00,0.966111111111111,0.966111111111111
2022-08-06 08:00:00,0.9966666666666668,0.9966666666666668
2022-08-06 09:00:00,0.9991666666666664,0.9991666666666664
2022-08-06 10:00:00,0.9780555555555556,0.9780555555555556
2022-08-06 11:00:00,0.9988888888888888,0.9988888888888888
2022-08-06 12:00:00,0.9752777777777772,0.9997222222222218
2022-08-06 13:00:00,0.9997222222222222,0.9997222222222222
2022-08-06 14:00:00,0.9072222222222224,0.9105555555555556
2022-08-06 15:00:00,0.960277777777778,0.960277777777778
2022-08-06 16:00:00,0.8705555555555557,0.9200000000000002
2022-08-06 17:00:00,0.9316666666666664,0.9819444444444442
2022-08-06 18:00:00,0.9802777777777776,0.9802777777777776
2022-08-06 19:00:00,0.4988888888888889,0.9977777777777778
2022-08-06 20:00:00,0.9361111111111111,0.9994444444444444
2022-08-06 21:00:00,0.0547222222222222,0.0383333333333333
2022-08-06 22:00:00,0.02625,0.0683333333333333
2022-08-06 23:00:00,0.6581944444444443,0.9808333333333332
2022-08-07 00:00:00,0.96,0.96
2022-08-07 01:00:00,0.9763888888888888,0.9763888888888888
2022-08-07 02:00:00,0.997222222222222,0.997222222222222
2022-08-07 03:00:00,0.9966666666666668,0.9966666666666668
2022-08-07 04:00:00,0.965,0.965
2022-08-07 05:00:00,0.9305555555555552,0.9305555555555552
2022-08-07 06:00:00,0.9966666666666666,0.9966666666666666
2022-08-07 07:00:00,0.9977777777777777,0.9977777777777777
2022-08-07 08:00:00,0.9438888888888888,0.9438888888888888
2022-08-07 09:00:00,0.9974999999999996,0.9974999999999996
2022-08-07 10:00:00,0.998055555555555,0.998055555555555
2022-08-07 11:00:00,0.9799999999999996,0.9799999999999996
2022-08-07 12:00:00,0.984722222222222,0.999722222222222
2022-08-07 13:00:00,0.41819444444444454,0.720277777777778
2022-08-07 14:00:00,0.4983333333333334,0.9966666666666668
2022-08-07 15:00:00,0.465138888888889,0.9305555555555556
2022-08-07 16:00:00,0.6597222222222223,0.9822222222222224
2022-08-07 17:00:00,0.3397222222222222,0.6808333333333333
2022-08-07 18:00:00,0.7134722222222223,0.9966666666666668
2022-08-07 19:00:00,0.980833333333333,0.980833333333333
2022-08-07 20:00:00,0.9986111111111108,0.9986111111111108
2022-08-07 21:00:00,0.9494444444444444,0.9494444444444444
2022-08-07 22:00:00,0.9947222222222224,0.9947222222222224
2022-08-07 23:00:00,0.9594444444444444,0.9594444444444444
2022-08-08 00:00:00,0.9783333333333336,0.9783333333333336
2022-08-08 01:00:00,0.973611111111111,0.973611111111111
2022-08-08 02:00:00,0.9469444444444448,0.9469444444444448
2022-08-08 03:00:00,0.9802777777777776,0.9802777777777776
2022-08-08 04:00:00,0.9836111111111112,0.9836111111111112
2022-08-08 05:00:00,0.9983333333333336,0.9983333333333336
2022-08-08 06:00:00,0.9788888888888888,0.9788888888888888
2022-08-08 07:00:00,0.997222222222222,0.997222222222222
2022-08-08 08:00:00,0.9649999999999996,0.9649999999999996
2022-08-08 09:00:00,0.9799999999999998,0.9799999999999998
2022-08-08 10:00:00,0.9797222222222224,0.9797222222222224
2022-08-08 11:00:00,0.9830555555555552,0.9830555555555552
2022-08-08 12:00:00,0.9952777777777776,0.9952777777777776
2022-08-08 13:00:00,0.7954166666666665,0.9777777777777776
2022-08-08 14:00:00,0.5955555555555556,0.5183333333333333
2022-08-08 15:00:00,0.7563888888888888,0.5819444444444445
2022-08-08 16:00:00,0.9913888888888888,0.9913888888888888
2022-08-08 17:00:00,0.865,0.85
2022-08-08 18:00:00,0.7109722222222221,0.8177777777777777
2022-08-08 19:00:00,0.9986111111111108,0.9986111111111108
2022-08-08 20:00:00,0.9838888888888888,0.9838888888888888
2022-08-08 21:00:00,0.9994444444444442,0.9994444444444442
2022-08-08 22:00:00,0.9788888888888888,0.9788888888888888
2022-08-08 23:00:00,0.9827777777777776,0.9827777777777776
2022-08-09 00:00:00,0.9991666666666666,0.9991666666666666
2022-08-09 01:00:00,0.9802777777777776,0.9802777777777776
2022-08-09 02:00:00,0.9941666666666668,0.9941666666666668
2022-08-09 03:00:00,0.9772222222222215,0.9772222222222215
2022-08-09 04:00:00,0.9794444444444445,0.9794444444444445
2022-08-09 05:00:00,0.9833333333333332,0.9833333333333332
2022-08-09 06:00:00,0.9786111111111112,0.9786111111111112
2022-08-09 07:00:00,0.9769444444444448,0.9769444444444448
2022-08-09 08:00:00,0.970277777777778,0.970277777777778
2022-08-09 09:00:00,0.981111111111111,0.981111111111111
2022-08-09 10:00:00,0.974722222222222,0.974722222222222
2022-08-09 11:00:00,0.9930555555555556,0.9930555555555556
2022-08-09 12:00:00,0.9966666666666666,0.9966666666666666
2022-08-09 13:00:00,0.9986111111111108,0.9986111111111108
2022-08-09 14:00:00,0.9941666666666664,0.9941666666666664
2022-08-09 15:00:00,0.9791666666666664,0.9791666666666664
2022-08-09 16:00:00,0.981111111111111,0.981111111111111
2022-08-09 17:00:00,0.9994444444444442,0.9994444444444442
2022-08-09 18:00:00,0.9436111111111112,0.9436111111111112
2022-08-09 19:00:00,0.9813888888888888,0.9813888888888888
2022-08-09 20:00:00,1.0,1.0
2022-08-09 21:00:00,0.9641666666666668,0.9641666666666668
2022-08-09 22:00:00,0.9827777777777778,0.9827777777777778
2022-08-09 23:00:00,0.9980555555555554,0.9980555555555554
2022-08-10 00:00:00,0.9797222222222224,0.9797222222222224
2022-08-10 01:00:00,0.9824999999999998,0.9824999999999998
2022-08-10 02:00:00,0.9824999999999996,0.9824999999999996
2022-08-10 03:00:00,0.9774999999999998,0.9774999999999998
2022-08-10 04:00:00,0.9772222222222218,0.9772222222222218
2022-08-10 05:00:00,0.9783333333333336,0.9783333333333336
2022-08-10 06:00:00,0.9952777777777778,0.9952777777777778
2022-08-10 07:00:00,0.9936111111111108,0.9936111111111108
2022-08-10 08:00:00,0.9974999999999998,0.9974999999999998
2022-08-10 09:00:00,0.9991666666666668,0.9991666666666668
2022-08-10 10:00:00,0.9944444444444444,0.9944444444444444
2022-08-10 11:00:00,0.9936111111111112,0.9936111111111112
2022-08-10 12:00:00,0.9947222222222218,0.9947222222222218
2022-08-10 13:00:00,0.9073611111111111,0.927222222222222
2022-08-10 14:00:00,0.0,0.0225
2022-08-10 15:00:00,0.8609722222222224,0.9347222222222225
2022-08-10 16:00:00,0.9816666666666662,0.9816666666666662
2022-08-10 17:00:00,0.9958333333333328,0.9958333333333328
2022-08-10 18:00:00,0.9777777777777776,0.9777777777777776
2022-08-10 19:00:00,0.9794444444444445,0.9794444444444445
2022-08-10 20:00:00,0.9766666666666663,0.9766666666666663
2022-08-10 21:00:00,0.9774999999999998,0.9774999999999998
2022-08-10 22:00:00,0.9825,0.9825
2022-08-10 23:00:00,0.9966666666666666,0.9966666666666666
2022-08-11 00:00:00,0.9827777777777776,0.9827777777777776
2022-08-11 01:00:00,0.9772222222222222,0.9772222222222222
2022-08-11 02:00:00,0.995,0.995
2022-08-11 03:00:00,0.979166666666667,0.979166666666667
2022-08-11 04:00:00,0.995277777777778,0.995277777777778
2022-08-11 05:00:00,0.9438888888888892,0.9438888888888892
2022-08-11 06:00:00,0.9661111111111113,0.9661111111111113
2022-08-11 07:00:00,0.9813888888888888,0.9813888888888888
2022-08-11 08:00:00,0.9991666666666666,0.9991666666666666
2022-08-11 09:00:00,0.9999999999999996,0.9999999999999996
2022-08-11 10:00:00,0.9827777777777776,0.9827777777777776
2022-08-11 11:00:00,0.9980555555555556,0.9980555555555556
2022-08-11 12:00:00,0.9758333333333332,0.9758333333333332
2022-08-11 13:00:00,0.9252777777777778,0.9252777777777778
2022-08-11 14:00:00,0.996944444444444,0.996944444444444
2022-08-11 15:00:00,0.98,0.98
2022-08-11 16:00:00,0.9961111111111114,0.9961111111111114
2022-08-11 17:00:00,0.9215277777777775,0.8244444444444442
2022-08-11 18:00:00,0.9051388888888887,0.8327777777777775
2022-08-11 19:00:00,0.9997222222222224,0.9997222222222224
2022-08-11 20:00:00,0.9969444444444444,0.9969444444444444
2022-08-11 21:00:00,0.973611111111111,0.973611111111111
2022-08-11 22:00:00,0.9994444444444442,0.9994444444444442
2022-08-11 23:00:00,0.980833333333333,0.980833333333333
2022-08-12 00:00:00,0.9833333333333332,0.9833333333333332
2022-08-12 01:00:00,0.9480555555555557,0.9480555555555557
2022-08-12 02:00:00,0.9794444444444445,0.9794444444444445
2022-08-12 03:00:00,0.9797222222222224,0.9797222222222224
2022-08-12 04:00:00,0.9983333333333332,0.9983333333333332
2022-08-12 05:00:00,0.9994444444444446,0.9994444444444446
2022-08-12 06:00:00,0.9772222222222222,0.9772222222222222
2022-08-12 07:00:00,0.977777777777778,0.977777777777778
2022-08-12 08:00:00,0.9983333333333332,0.9983333333333332
2022-08-12 09:00:00,0.9949999999999996,0.9949999999999996
2022-08-12 10:00:00,0.9833333333333334,0.9833333333333334
2022-08-12 11:00:00,0.995,0.995
2022-08-12 12:00:00,1.0000000000000002,1.0000000000000002
2022-08-12 13:00:00,0.9794444444444445,0.9794444444444445
2022-08-12 14:00:00,0.9730555555555558,0.9730555555555558
2022-08-12 15:00:00,0.5897222222222223,0.1944444444444444
2022-08-12 16:00:00,0.9994444444444444,0.9994444444444444
2022-08-12 17:00:00,0.9802777777777776,0.9802777777777776
2022-08-12 18:00:00,0.9999999999999998,0.9999999999999998
2022-08-12 19:00:00,0.9925000000000002,0.9925000000000002
2022-08-12 20:00:00,0.9972222222222218,0.9972222222222218
2022-08-12 21:00:00,0.9819444444444444,0.9819444444444444
2022-08-12 22:00:00,0.997222222222222,0.997222222222222
2022-08-12 23:00:00,0.9941666666666662,0.9941666666666662
2022-08-13 00:00:00,0.95,0.95
2022-08-13 01:00:00,0.9633333333333332,0.9633333333333332
2022-08-13 02:00:00,0.9777777777777776,0.9777777777777776
2022-08-13 03:00:00,0.9972222222222222,0.9972222222222222
2022-08-13 04:00:00,0.959166666666667,0.959166666666667
2022-08-13 05:00:00,0.9788888888888888,0.9788888888888888
2022-08-13 06:00:00,0.9825000000000002,0.9825000000000002
2022-08-13 07:00:00,0.9833333333333332,0.9833333333333332
2022-08-13 08:00:00,0.9805555555555556,0.9805555555555556
2022-08-13 09:00:00,0.999444444444444,0.999444444444444
2022-08-13 10:00:00,0.9816666666666664,0.9816666666666664
2022-08-13 11:00:00,0.9938888888888888,0.9938888888888888
2022-08-13 12:00:00,0.9341666666666666,0.8577777777777776
2022-08-13 13:00:00,0.5401388888888887,0.1483333333333333
2022-08-13 14:00:00,0.8094444444444442,0.5791666666666665
2022-08-13 15:00:00,0.9315277777777777,0.8766666666666665
2022-08-13 16:00:00,0.857361111111111,0.6230555555555555
2022-08-13 17:00:00,0.6973611111111111,0.3727777777777777
2022-08-13 18:00:00,0.7779166666666664,0.558611111111111
2022-08-13 19:00:00,0.9638888888888884,0.9638888888888884
2022-08-13 20:00:00,0.979444444444444,0.979444444444444
2022-08-13 21:00:00,0.9977777777777772,0.9977777777777772
2022-08-13 22:00:00,0.981111111111111,0.981111111111111
2022-08-13 23:00:00,0.9766666666666663,0.9766666666666663
2022-08-14 00:00:00,0.9963888888888888,0.9963888888888888
2022-08-14 01:00:00,0.9427777777777776,0.9427777777777776
2022-08-14 02:00:00,0.9763888888888888,0.9763888888888888
2022-08-14 03:00:00,0.9830555555555552,0.9830555555555552
2022-08-14 04:00:00,0.9772222222222224,0.9772222222222224
2022-08-14 05:00:00,0.9822222222222224,0.9822222222222224
2022-08-14 06:00:00,0.9830555555555556,0.9830555555555556
2022-08-14 07:00:00,0.9805555555555556,0.9805555555555556
2022-08-14 08:00:00,0.9986111111111108,0.9986111111111108
2022-08-14 09:00:00,0.9791666666666664,0.9791666666666664
2022-08-14 10:00:00,0.9755555555555556,0.9755555555555556
2022-08-14 11:00:00,0.9966666666666666,0.9966666666666666
2022-08-14 12:00:00,0.9794444444444446,0.9794444444444446
2022-08-14 13:00:00,0.881111111111111,0.7927777777777777
2022-08-14 14:00:00,0.8544444444444443,0.7030555555555553
2022-08-14 15:00:00,0.9112499999999997,0.8694444444444441
2022-08-14 16:00:00,0.9788888888888893,0.9788888888888893
2022-08-14 17:00:00,0.9797222222222224,0.9797222222222224
2022-08-14 18:00:00,0.9786111111111108,0.9786111111111108
2022-08-14 19:00:00,0.9788888888888888,0.9788888888888888
2022-08-14 20:00:00,0.9800000000000004,0.9800000000000004
2022-08-14 21:00:00,0.9947222222222224,0.9947222222222224
2022-08-14 22:00:00,0.9819444444444448,0.9819444444444448
2022-08-14 23:00:00,0.9777777777777776,0.9777777777777776
2022-08-15 00:00:00,0.9786111111111108,0.9786111111111108
2022-08-15 01:00:00,0.9819444444444444,0.9819444444444444
2022-08-15 02:00:00,0.981388888888889,0.981388888888889
2022-08-15 03:00:00,0.9825,0.9825
2022-08-15 04:00:00,0.9952777777777776,0.9952777777777776
2022-08-15 05:00:00,1.0,1.0
2022-08-15 06:00:00,0.9844444444444442,0.9844444444444442
2022-08-15 07:00:00,0.98,0.98
2022-08-15 08:00:00,0.9783333333333328,0.9783333333333328
2022-08-15 09:00:00,0.982222222222222,0.982222222222222
2022-08-15 10:00:00,0.9977777777777774,0.9977777777777774
2022-08-15 11:00:00,0.9991666666666664,0.9991666666666664
2022-08-15 12:00:00,0.9758333333333328,0.9758333333333328
2022-08-15 13:00:00,0.9938888888888886,0.9938888888888886
2022-08-15 14:00:00,0.9991666666666666,0.9991666666666666
2022-08-15 15:00:00,0.8026388888888887,0.5986111111111111
2022-08-15 16:00:00,0.9994444444444446,0.9994444444444446
2022-08-15 17:00:00,0.9483333333333333,0.9483333333333333
2022-08-15 18:00:00,0.978888888888889,0.978888888888889
2022-08-15 19:00:00,0.9786111111111112,0.9786111111111112
2022-08-15 20:00:00,0.98,0.98
2022-08-15 21:00:00,0.9780555555555556,0.9780555555555556
2022-08-15 22:00:00,0.9788888888888888,0.9788888888888888
2022-08-15 23:00:00,0.9933333333333334,0.9933333333333334
2022-08-16 00:00:00,0.9938888888888888,0.9938888888888888
2022-08-16 01:00:00,0.9600000000000006,0.9600000000000006
2022-08-16 02:00:00,1.0,1.0
2022-08-16 03:00:00,0.9780555555555556,0.9780555555555556
2022-08-16 04:00:00,0.9975,0.9975
2022-08-16 05:00:00,0.9761111111111108,0.9761111111111108
2022-08-16 06:00:00,0.997222222222222,0.997222222222222
2022-08-16 07:00:00,0.982222222222222,0.982222222222222
2022-08-16 08:00:00,0.9802777777777776,0.9802777777777776
2022-08-16 09:00:00,0.982222222222222,0.982222222222222
2022-08-16 10:00:00,0.9758333333333332,0.9758333333333332
2022-08-16 11:00:00,0.9813888888888886,0.9813888888888886
2022-08-16 12:00:00,0.9966666666666664,0.9966666666666664
2022-08-16 13:00:00,0.9783333333333332,0.9783333333333332
2022-08-16 14:00:00,0.9963888888888888,0.9963888888888888
2022-08-16 15:00:00,0.9977777777777777,0.9977777777777777
2022-08-16 16:00:00,0.9986111111111108,0.9986111111111108
2022-08-16 17:00:00,0.9919444444444444,0.9919444444444444
2022-08-16 18:00:00,0.9783333333333334,0.9783333333333334
2022-08-16 19:00:00,0.996111111111111,0.996111111111111
2022-08-16 20:00:00,0.9799999999999996,0.9799999999999996
2022-08-16 21:00:00,0.9958333333333332,0.9958333333333332
2022-08-16 22:00:00,0.978888888888889,0.978888888888889
2022-08-16 23:00:00,0.9788888888888884,0.9788888888888884
2022-08-17 00:00:00,1.0,1.0
2022-08-17 01:00:00,0.9802777777777776,0.9802777777777776
2022-08-17 02:00:00,0.9786111111111117,0.9786111111111117
2022-08-17 03:00:00,0.9786111111111114,0.9786111111111114
2022-08-17 04:00:00,0.9788888888888888,0.9788888888888888
2022-08-17 05:00:00,0.9969444444444444,0.9969444444444444
2022-08-17 06:00:00,0.997222222222222,0.997222222222222
2022-08-17 07:00:00,0.9766666666666662,0.9766666666666662
2022-08-17 08:00:00,0.9636111111111108,0.9636111111111108
2022-08-17 09:00:00,1.0,1.0
2022-08-17 10:00:00,0.9991666666666664,0.9991666666666664
2022-08-17 11:00:00,0.9969444444444444,0.9969444444444444
2022-08-17 12:00:00,0.9755555555555552,0.9755555555555552
2022-08-17 13:00:00,0.9825,0.9825
2022-08-17 14:00:00,0.9994444444444444,0.9994444444444444
2022-08-17 15:00:00,0.9966666666666668,0.9966666666666668
2022-08-17 16:00:00,0.9788888888888888,0.9788888888888888
2022-08-17 17:00:00,0.9766666666666668,0.9766666666666668
2022-08-17 18:00:00,0.9777777777777776,0.9777777777777776
2022-08-17 19:00:00,0.9830555555555552,0.9830555555555552
2022-08-17 20:00:00,0.982222222222222,0.982222222222222
2022-08-17 21:00:00,0.9777777777777772,0.9777777777777772
2022-08-17 22:00:00,0.9983333333333329,0.9983333333333329
2022-08-17 23:00:00,0.9944444444444444,0.9944444444444444
2022-08-18 00:00:00,0.9819444444444444,0.9819444444444444
2022-08-18 01:00:00,0.9813888888888888,0.9813888888888888
2022-08-18 02:00:00,0.9783333333333332,0.9783333333333332
2022-08-18 03:00:00,0.976666666666667,0.976666666666667
2022-08-18 04:00:00,0.9783333333333336,0.9783333333333336
2022-08-18 05:00:00,0.9827777777777776,0.9827777777777776
2022-08-18 06:00:00,0.9813888888888888,0.9813888888888888
2022-08-18 07:00:00,0.978888888888889,0.978888888888889
2022-08-18 08:00:00,0.9966666666666664,0.9966666666666664
2022-08-18 09:00:00,0.9833333333333332,0.9833333333333332
2022-08-18 10:00:00,0.9961111111111112,0.9961111111111112
2022-08-18 11:00:00,0.9619444444444444,0.9619444444444444
2022-08-18 12:00:00,0.9661111111111108,0.9661111111111108
2022-08-18 13:00:00,0.9774999999999996,0.9774999999999996
2022-08-18 14:00:00,0.9986111111111106,0.9986111111111106
2022-08-18 15:00:00,0.979722222222222,0.979722222222222
2022-08-18 16:00:00,0.9830555555555556,0.9830555555555556
2022-08-18 17:00:00,0.9766666666666663,0.9766666666666663
2022-08-18 18:00:00,0.9786111111111108,0.9786111111111108
2022-08-18 19:00:00,0.9799999999999998,0.9799999999999998
2022-08-18 20:00:00,0.9811111111111106,0.9811111111111106
2022-08-18 21:00:00,0.9986111111111112,0.9986111111111112
2022-08-18 22:00:00,0.9983333333333336,0.9983333333333336
2022-08-18 23:00:00,0.9963888888888888,0.9963888888888888
2022-08-19 00:00:00,0.9941666666666664,0.9941666666666664
2022-08-19 01:00:00,0.9788888888888893,0.9788888888888893
2022-08-19 02:00:00,0.9791666666666664,0.9791666666666664
2022-08-19 03:00:00,0.9997222222222224,0.9997222222222224
2022-08-19 04:00:00,0.9808333333333334,0.9808333333333334
2022-08-19 05:00:00,0.9986111111111108,0.9986111111111108
2022-08-19 06:00:00,0.9761111111111108,0.9761111111111108
2022-08-19 07:00:00,0.9794444444444445,0.9794444444444445
2022-08-19 08:00:00,0.9994444444444444,0.9994444444444444
2022-08-19 09:00:00,0.999722222222222,0.999722222222222
2022-08-19 10:00:00,0.9986111111111108,0.9986111111111108
2022-08-19 11:00:00,0.9777777777777776,0.9777777777777776
2022-08-19 12:00:00,0.9786111111111108,0.9786111111111108
2022-08-19 13:00:00,0.9763888888888888,0.9763888888888888
2022-08-19 14:00:00,0.9975,0.9975
2022-08-19 15:00:00,0.9777777777777776,0.9777777777777776
2022-08-19 16:00:00,0.9338888888888889,0.9141666666666668
2022-08-19 17:00:00,0.9752777777777776,0.9752777777777776
2022-08-19 18:00:00,0.964722222222222,0.964722222222222
2022-08-19 19:00:00,0.999722222222222,0.999722222222222
2022-08-19 20:00:00,0.999722222222222,0.999722222222222
2022-08-19 21:00:00,0.9816666666666664,0.9816666666666664
2022-08-19 22:00:00,0.979166666666667,0.979166666666667
2022-08-19 23:00:00,0.9777777777777776,0.9777777777777776
2022-08-20 00:00:00,0.9977777777777778,0.9977777777777778
2022-08-20 01:00:00,0.9883333333333332,0.9883333333333332
2022-08-20 02:00:00,0.9761111111111112,0.9761111111111112
2022-08-20 03:00:00,0.9936111111111112,0.9936111111111112
2022-08-20 04:00:00,0.9955555555555556,0.9955555555555556
2022-08-20 05:00:00,0.9805555555555556,0.9805555555555556
2022-08-20 06:00:00,0.982222222222222,0.982222222222222
2022-08-20 07:00:00,0.9791666666666664,0.9791666666666664
2022-08-20 08:00:00,0.9588888888888886,0.9588888888888886
2022-08-20 09:00:00,0.9786111111111108,0.9786111111111108
2022-08-20 10:00:00,0.994444444444444,0.994444444444444
2022-08-20 11:00:00,0.9919444444444442,0.984722222222222
2022-08-20 12:00:00,0.7469444444444444,0.5186111111111111
2022-08-20 13:00:00,0.4965277777777777,0.0155555555555555
2022-08-20 14:00:00,0.4980555555555555,0.0
2022-08-20 15:00:00,0.500833333333333,0.0147222222222222
2022-08-20 16:00:00,0.5170833333333332,0.0466666666666666
2022-08-20 17:00:00,0.631111111111111,0.3141666666666666
2022-08-20 18:00:00,0.560138888888889,0.1016666666666666
2022-08-20 19:00:00,0.6081944444444444,0.2505555555555556
2022-08-20 20:00:00,0.996944444444444,0.996944444444444
2022-08-20 21:00:00,0.978333333333333,0.978333333333333
2022-08-20 22:00:00,0.9819444444444442,0.9819444444444442
2022-08-20 23:00:00,0.9969444444444444,0.9969444444444444
2022-08-21 00:00:00,0.9966666666666664,0.9966666666666664
2022-08-21 01:00:00,0.962222222222222,0.962222222222222
2022-08-21 02:00:00,0.9758333333333332,0.9758333333333332
2022-08-21 03:00:00,0.9994444444444448,0.9994444444444448
2022-08-21 04:00:00,0.9988888888888888,0.9988888888888888
2022-08-21 05:00:00,0.98,0.98
2022-08-21 06:00:00,0.9766666666666668,0.9766666666666668
2022-08-21 07:00:00,0.9783333333333336,0.9783333333333336
2022-08-21 08:00:00,0.9941666666666664,0.9941666666666664
2022-08-21 09:00:00,0.9625,0.9625
2022-08-21 10:00:00,0.843611111111111,0.6822222222222222
2022-08-21 11:00:00,0.4893055555555554,0.0
2022-08-21 12:00:00,0.5075000000000001,0.0230555555555555
2022-08-21 13:00:00,0.4902777777777778,0.0
2022-08-21 14:00:00,0.4884722222222222,0.0
2022-08-21 15:00:00,0.49625,0.03
2022-08-21 16:00:00,0.8887499999999995,0.7638888888888885
2022-08-21 17:00:00,0.5233333333333332,0.0386111111111111
2022-08-21 18:00:00,0.48875,0.0
2022-08-21 19:00:00,0.4899999999999998,0.0
2022-08-21 20:00:00,0.6179166666666667,0.2819444444444444
2022-08-21 21:00:00,0.9986111111111112,0.9986111111111112
2022-08-21 22:00:00,0.9983333333333332,0.9983333333333332
2022-08-21 23:00:00,0.9983333333333332,0.9983333333333332
2022-08-22 00:00:00,0.9930555555555556,0.9930555555555556
2022-08-22 01:00:00,0.9836111111111114,0.9836111111111114
2022-08-22 02:00:00,0.9788888888888888,0.9788888888888888
2022-08-22 03:00:00,0.959722222222222,0.959722222222222
2022-08-22 04:00:00,0.9963888888888888,0.9963888888888888
2022-08-22 05:00:00,1.0,1.0
2022-08-22 06:00:00,0.9766666666666662,0.9766666666666662
2022-08-22 07:00:00,0.9983333333333332,0.9983333333333332
2022-08-22 08:00:00,0.9955555555555556,0.9955555555555556
2022-08-22 09:00:00,0.9997222222222216,0.9997222222222216
2022-08-22 10:00:00,0.999444444444444,0.999444444444444
2022-08-22 11:00:00,0.6213888888888888,0.2419444444444444
2022-08-22 12:00:00,0.4890277777777776,0.0
2022-08-22 13:00:00,0.4983333333333334,0.0
2022-08-22 14:00:00,0.4902777777777778,0.0388888888888888
2022-08-22 15:00:00,0.8283333333333336,0.6447222222222223
2022-08-22 16:00:00,0.7061111111111109,0.4002777777777778
2022-08-22 17:00:00,0.5201388888888886,0.1013888888888889
2022-08-22 18:00:00,0.9622222222222224,0.9622222222222224
2022-08-22 19:00:00,0.9805555555555552,0.9805555555555552
2022-08-22 20:00:00,0.9638888888888886,0.9638888888888886
2022-08-22 21:00:00,0.9427777777777776,0.9427777777777776
2022-08-22 22:00:00,0.9819444444444444,0.9819444444444444
2022-08-22 23:00:00,0.9986111111111112,0.9986111111111112
2022-08-23 00:00:00,0.9813888888888888,0.9813888888888888
2022-08-23 01:00:00,0.9805555555555556,0.9805555555555556
2022-08-23 02:00:00,0.999722222222222,0.999722222222222
2022-08-23 03:00:00,0.9786111111111117,0.9786111111111117
2022-08-23 04:00:00,0.980277777777778,0.980277777777778
2022-08-23 05:00:00,0.9608333333333334,0.9608333333333334
2022-08-23 06:00:00,0.9747222222222218,0.9747222222222218
2022-08-23 07:00:00,0.9827777777777776,0.9827777777777776
2022-08-23 08:00:00,0.977777777777778,0.977777777777778
2022-08-23 09:00:00,0.9811111111111104,0.9811111111111104
2022-08-23 10:00:00,0.9777777777777774,0.9777777777777774
2022-08-23 11:00:00,0.9774999999999996,0.9774999999999996
2022-08-23 12:00:00,0.7493055555555554,0.46
2022-08-23 13:00:00,0.7749999999999999,0.5849999999999999
2022-08-23 14:00:00,0.9761111111111108,0.9761111111111108
2022-08-23 15:00:00,0.9933333333333332,0.9933333333333332
2022-08-23 16:00:00,0.5843055555555555,0.165
2022-08-23 17:00:00,0.7891666666666666,0.6147222222222224
2022-08-23 18:00:00,0.9763888888888888,0.9763888888888888
2022-08-23 19:00:00,0.994444444444444,0.994444444444444
2022-08-23 20:00:00,0.9994444444444444,0.9994444444444444
2022-08-23 21:00:00,0.999722222222222,0.999722222222222
2022-08-23 22:00:00,0.9808333333333332,0.9808333333333332
2022-08-23 23:00:00,1.0,1.0
2022-08-24 00:00:00,0.997222222222222,0.997222222222222
2022-08-24 01:00:00,0.98,0.98
2022-08-24 02:00:00,0.996388888888889,0.996388888888889
2022-08-24 03:00:00,0.9972222222222222,0.9972222222222222
2022-08-24 04:00:00,0.9783333333333332,0.9783333333333332
2022-08-24 05:00:00,0.999722222222222,0.999722222222222
2022-08-24 06:00:00,0.9958333333333332,0.9958333333333332
2022-08-24 07:00:00,0.9938888888888886,0.9938888888888886
2022-08-24 08:00:00,0.9938888888888888,0.9938888888888888
2022-08-24 09:00:00,0.9988888888888884,0.9988888888888884
2022-08-24 10:00:00,0.999444444444444,0.999444444444444
2022-08-24 11:00:00,0.9774999999999996,0.9774999999999996
2022-08-24 12:00:00,0.996944444444444,0.996944444444444
2022-08-24 13:00:00,0.9944444444444444,0.9944444444444444
2022-08-24 14:00:00,0.9788888888888888,0.9788888888888888
2022-08-24 15:00:00,0.9999999999999998,0.9999999999999998
2022-08-24 16:00:00,0.8962499999999998,0.7977777777777775
2022-08-24 17:00:00,0.70875,0.4347222222222222
2022-08-24 18:00:00,0.9111111111111109,0.8469444444444443
2022-08-24 19:00:00,0.9208333333333334,0.848888888888889
2022-08-24 20:00:00,0.7970833333333334,0.6025
2022-08-24 21:00:00,0.9808333333333332,0.9808333333333332
2022-08-24 22:00:00,0.9952777777777776,0.9952777777777776
2022-08-24 23:00:00,0.9772222222222215,0.9772222222222215
2022-08-25 00:00:00,0.9969444444444444,0.9969444444444444
2022-08-25 01:00:00,0.9833333333333336,0.9833333333333336
2022-08-25 02:00:00,0.9963888888888892,0.9963888888888892
2022-08-25 03:00:00,0.9975000000000004,0.9975000000000004
2022-08-25 04:00:00,0.997222222222222,0.997222222222222
2022-08-25 05:00:00,0.9788888888888888,0.9788888888888888
2022-08-25 06:00:00,0.999722222222222,0.999722222222222
2022-08-25 07:00:00,0.9775,0.9775
2022-08-25 08:00:00,0.996666666666666,0.996666666666666
2022-08-25 09:00:00,0.9652777777777772,0.9652777777777772
2022-08-25 10:00:00,0.991666666666666,0.991666666666666
2022-08-25 11:00:00,0.9924999999999996,0.9924999999999996
2022-08-25 12:00:00,0.9758333333333332,0.9758333333333332
2022-08-25 13:00:00,0.9279166666666665,0.8449999999999998
2022-08-25 14:00:00,0.4973611111111111,0.0308333333333333
2022-08-25 15:00:00,0.9963888888888884,0.9963888888888884
2022-08-25 16:00:00,0.5176388888888888,0.0430555555555555
2022-08-25 17:00:00,0.6086111111111109,0.2622222222222222
2022-08-25 18:00:00,0.7176388888888887,0.4808333333333333
2022-08-25 19:00:00,0.848611111111111,0.7183333333333333
2022-08-25 20:00:00,0.9991666666666664,0.9991666666666664
2022-08-25 21:00:00,0.9994444444444444,0.9994444444444444
2022-08-25 22:00:00,0.9486111111111112,0.9486111111111112
2022-08-25 23:00:00,0.9436111111111108,0.9436111111111108
2022-08-26 00:00:00,0.9986111111111112,0.9986111111111112
2022-08-26 01:00:00,0.9744444444444442,0.9744444444444442
2022-08-26 02:00:00,0.9613888888888892,0.9613888888888892
2022-08-26 03:00:00,1.0,1.0
2022-08-26 04:00:00,0.9777777777777776,0.9777777777777776
2022-08-26 05:00:00,0.9783333333333332,0.9783333333333332
2022-08-26 06:00:00,0.9986111111111108,0.9986111111111108
2022-08-26 07:00:00,0.9780555555555558,0.9780555555555558
2022-08-26 08:00:00,0.9619444444444448,0.9619444444444448
2022-08-26 09:00:00,0.9936111111111112,0.9936111111111112
2022-08-26 10:00:00,0.9947222222222222,0.9947222222222222
2022-08-26 11:00:00,0.992777777777778,0.992777777777778
2022-08-26 12:00:00,0.9786111111111112,0.9786111111111112
2022-08-26 13:00:00,0.9769444444444448,0.9769444444444448
2022-08-26 14:00:00,0.9977777777777777,0.9977777777777777
2022-08-26 15:00:00,0.8148611111111111,0.6458333333333334
2022-08-26 16:00:00,0.9791666666666669,0.9791666666666669
2022-08-26 17:00:00,0.9477777777777778,0.9477777777777778
2022-08-26 18:00:00,0.9622222222222222,0.9622222222222222
2022-08-26 19:00:00,0.997222222222222,0.997222222222222
2022-08-26 20:00:00,0.9775,0.9775
2022-08-26 21:00:00,0.995833333333333,0.995833333333333
2022-08-26 22:00:00,0.995833333333333,0.995833333333333
2022-08-26 23:00:00,0.9997222222222224,0.9997222222222224
2022-08-27 00:00:00,0.983611111111111,0.983611111111111
2022-08-27 01:00:00,0.9808333333333334,0.9808333333333334
2022-08-27 02:00:00,0.98,0.98
2022-08-27 03:00:00,0.98,0.98
2022-08-27 04:00:00,0.9816666666666668,0.9816666666666668
2022-08-27 05:00:00,0.9797222222222224,0.9797222222222224
2022-08-27 06:00:00,0.980277777777778,0.980277777777778
2022-08-27 07:00:00,0.9977777777777777,0.9977777777777777
2022-08-27 08:00:00,0.9433333333333332,0.9433333333333332
2022-08-27 09:00:00,0.9986111111111108,0.9986111111111108
2022-08-27 10:00:00,0.9999999999999998,0.9999999999999998
2022-08-27 11:00:00,0.9630555555555556,0.9119444444444444
2022-08-27 12:00:00,0.774861111111111,0.5847222222222223
2022-08-27 13:00:00,0.979444444444444,0.979444444444444
2022-08-27 14:00:00,0.9625,0.9625
2022-08-27 15:00:00,0.997222222222222,0.997222222222222
2022-08-27 16:00:00,0.9780555555555552,0.9780555555555552
2022-08-27 17:00:00,0.9788888888888888,0.9788888888888888
2022-08-27 18:00:00,0.9963888888888888,0.9963888888888888
2022-08-27 19:00:00,0.9972222222222222,0.9972222222222222
2022-08-27 20:00:00,0.9986111111111108,0.9986111111111108
2022-08-27 21:00:00,0.9816666666666662,0.9816666666666662
2022-08-27 22:00:00,0.9788888888888884,0.9788888888888884
2022-08-27 23:00:00,0.9980555555555553,0.9980555555555553
2022-08-28 00:00:00,0.9980555555555553,0.9980555555555553
2022-08-28 01:00:00,0.982222222222222,0.982222222222222
2022-08-28 02:00:00,0.9780555555555556,0.9780555555555556
2022-08-28 03:00:00,0.9808333333333332,0.9808333333333332
2022-08-28 04:00:00,0.9808333333333338,0.9808333333333338
2022-08-28 05:00:00,0.9819444444444444,0.9819444444444444
2022-08-28 06:00:00,0.9433333333333336,0.9433333333333336
2022-08-28 07:00:00,0.9780555555555556,0.9780555555555556
2022-08-28 08:00:00,0.9827777777777774,0.9827777777777774
2022-08-28 09:00:00,0.9772222222222222,0.9772222222222222
2022-08-28 10:00:00,0.9819444444444442,0.9819444444444442
2022-08-28 11:00:00,0.9786111111111112,0.9786111111111112
2022-08-28 12:00:00,0.9827777777777776,0.9827777777777776
2022-08-28 13:00:00,0.9780555555555552,0.9780555555555552
2022-08-28 14:00:00,0.9772222222222224,0.9772222222222224
2022-08-28 15:00:00,0.9813888888888888,0.9813888888888888
2022-08-28 16:00:00,0.999722222222222,0.999722222222222
2022-08-28 17:00:00,0.9949999999999996,0.9949999999999996
2022-08-28 18:00:00,0.9974999999999996,0.9974999999999996
2022-08-28 19:00:00,0.9933333333333332,0.9933333333333332
2022-08-28 20:00:00,0.9799999999999994,0.9799999999999994
2022-08-28 21:00:00,0.9988888888888888,0.9988888888888888
2022-08-28 22:00:00,0.9780555555555552,0.9780555555555552
2022-08-28 23:00:00,0.9980555555555554,0.9980555555555554
2022-08-29 00:00:00,0.9788888888888886,0.9788888888888886
2022-08-29 01:00:00,0.9788888888888888,0.9788888888888888
2022-08-29 02:00:00,0.9975,0.9975
2022-08-29 03:00:00,0.9800000000000002,0.9800000000000002
2022-08-29 04:00:00,0.9786111111111112,0.9786111111111112
2022-08-29 05:00:00,0.9991666666666664,0.9991666666666664
2022-08-29 06:00:00,0.9299999999999996,0.9299999999999996
2022-08-29 07:00:00,0.9938888888888888,0.9938888888888888
2022-08-29 08:00:00,0.9752777777777776,0.9752777777777776
2022-08-29 09:00:00,0.9444444444444444,0.9444444444444444
2022-08-29 10:00:00,0.9958333333333332,0.9958333333333332
2022-08-29 11:00:00,0.9830555555555556,0.9830555555555556
2022-08-29 12:00:00,0.9958333333333332,0.9958333333333332
2022-08-29 13:00:00,0.9783333333333328,0.9783333333333328
2022-08-29 14:00:00,0.9991666666666664,0.9991666666666664
2022-08-29 15:00:00,0.9783333333333328,0.9783333333333328
2022-08-29 16:00:00,0.9786111111111112,0.9786111111111112
2022-08-29 17:00:00,0.983333333333333,0.983333333333333
2022-08-29 18:00:00,0.962222222222222,0.962222222222222
2022-08-29 19:00:00,0.9841666666666662,0.9841666666666662
2022-08-29 20:00:00,0.9791666666666664,0.9791666666666664
2022-08-29 21:00:00,0.9983333333333332,0.9983333333333332
2022-08-29 22:00:00,0.9783333333333332,0.9783333333333332
2022-08-29 23:00:00,0.9769444444444442,0.9769444444444442
2022-08-30 00:00:00,0.987777777777778,0.987777777777778
2022-08-30 01:00:00,0.9833333333333332,0.9833333333333332
2022-08-30 02:00:00,0.9783333333333336,0.9783333333333336
2022-08-30 03:00:00,0.9991666666666666,0.9991666666666666
2022-08-30 04:00:00,0.9830555555555556,0.9830555555555556
2022-08-30 05:00:00,0.9766666666666668,0.9766666666666668
2022-08-30 06:00:00,0.9983333333333334,0.9983333333333334
2022-08-30 07:00:00,0.9941666666666664,0.9941666666666664
2022-08-30 08:00:00,0.9763888888888888,0.9763888888888888
2022-08-30 09:00:00,0.981111111111111,0.981111111111111
2022-08-30 10:00:00,0.9755555555555552,0.9755555555555552
2022-08-30 11:00:00,0.9786111111111108,0.9786111111111108
2022-08-30 12:00:00,0.9808333333333334,0.9808333333333334
2022-08-30 13:00:00,0.9994444444444444,0.9994444444444444
2022-08-30 14:00:00,0.9758333333333336,0.9758333333333336
2022-08-30 15:00:00,0.9813888888888886,0.9813888888888886
2022-08-30 16:00:00,1.0,1.0
2022-08-30 17:00:00,0.9791666666666662,0.9791666666666662
2022-08-30 18:00:00,0.9788888888888893,0.9788888888888893
2022-08-30 19:00:00,0.9799999999999996,0.9799999999999996
2022-08-30 20:00:00,0.9263888888888892,0.9263888888888892
2022-08-30 21:00:00,0.9819444444444444,0.9819444444444444
2022-08-30 22:00:00,0.9816666666666666,0.9816666666666666
2022-08-30 23:00:00,0.9797222222222222,0.9797222222222222
2022-08-31 00:00:00,0.9780555555555552,0.9780555555555552
2022-08-31 01:00:00,0.9825,0.9825
2022-08-31 02:00:00,0.9588888888888888,0.9588888888888888
2022-08-31 03:00:00,0.9786111111111112,0.9786111111111112
2022-08-31 04:00:00,0.948611111111111,0.948611111111111
2022-08-31 05:00:00,1.0,1.0
2022-08-31 06:00:00,0.9813888888888892,0.9813888888888892
2022-08-31 07:00:00,0.9780555555555552,0.9780555555555552
2022-08-31 08:00:00,0.9786111111111112,0.9786111111111112
2022-08-31 09:00:00,0.9997222222222222,0.9997222222222222
2022-08-31 10:00:00,0.9930555555555556,0.9930555555555556
2022-08-31 11:00:00,0.980277777777778,0.980277777777778
2022-08-31 12:00:00,0.9813888888888892,0.9813888888888892
2022-08-31 13:00:00,0.9827777777777776,0.9827777777777776
2022-08-31 14:00:00,0.9844444444444445,0.9844444444444445
2022-08-31 15:00:00,0.9808333333333332,0.9808333333333332
2022-08-31 16:00:00,0.9811111111111114,0.9811111111111114
2022-08-31 17:00:00,0.9847222222222218,0.9847222222222218
2022-08-31 18:00:00,0.9808333333333332,0.9808333333333332
2022-08-31 19:00:00,0.982222222222222,0.982222222222222
2022-08-31 20:00:00,0.9800000000000002,0.9800000000000002
2022-08-31 21:00:00,0.9847222222222224,0.9847222222222224
2022-08-31 22:00:00,0.9819444444444446,0.9819444444444446
2022-08-31 23:00:00,0.982777777777778,0.982777777777778
2022-09-01 00:00:00,0.9830555555555558,0.9830555555555558
2022-09-01 01:00:00,0.9825000000000004,0.9825000000000004
2022-09-01 02:00:00,1.0,1.0
2022-09-01 03:00:00,0.9791666666666669,0.9791666666666669
2022-09-01 04:00:00,0.9836111111111114,0.9836111111111114
2022-09-01 05:00:00,0.9822222222222222,0.9822222222222222
2022-09-01 06:00:00,0.983888888888889,0.983888888888889
2022-09-01 07:00:00,0.9972222222222222,0.9972222222222222
2022-09-01 08:00:00,0.9808333333333332,0.9808333333333332
2022-09-01 09:00:00,0.9980555555555554,0.9980555555555554
2022-09-01 10:00:00,0.9819444444444442,0.9819444444444442
2022-09-01 11:00:00,0.9825,0.9825
2022-09-01 12:00:00,0.9819444444444444,0.9819444444444444
2022-09-01 13:00:00,0.9819444444444444,0.9819444444444444
2022-09-01 14:00:00,0.9805555555555554,0.9805555555555554
2022-09-01 15:00:00,0.9833333333333332,0.9833333333333332
2022-09-01 16:00:00,0.9844444444444446,0.9844444444444446
2022-09-01 17:00:00,0.980277777777778,0.980277777777778
2022-09-01 18:00:00,0.9858333333333332,0.9858333333333332
2022-09-01 19:00:00,0.9813888888888892,0.9813888888888892
2022-09-01 20:00:00,0.9827777777777778,0.9827777777777778
2022-09-01 21:00:00,0.9799999999999998,0.9799999999999998
2022-09-01 22:00:00,0.9775,0.9775
2022-09-01 23:00:00,0.9838888888888891,0.9838888888888891
2022-09-02 00:00:00,0.9816666666666672,0.9816666666666672
2022-09-02 01:00:00,0.9808333333333334,0.9808333333333334
2022-09-02 02:00:00,0.9844444444444445,0.9844444444444445
2022-09-02 03:00:00,0.9816666666666668,0.9816666666666668
2022-09-02 04:00:00,0.9805555555555558,0.9805555555555558
2022-09-02 05:00:00,0.980555555555556,0.980555555555556
2022-09-02 06:00:00,0.9791666666666664,0.9791666666666664
2022-09-02 07:00:00,0.9833333333333336,0.9833333333333336
2022-09-02 08:00:00,0.9833333333333332,0.9833333333333332
2022-09-02 09:00:00,0.9797222222222224,0.9797222222222224
2022-09-02 10:00:00,0.9836111111111108,0.9836111111111108
2022-09-02 11:00:00,0.9791666666666666,0.9791666666666666
2022-09-02 12:00:00,0.9805555555555556,0.9805555555555556
2022-09-02 13:00:00,0.979722222222222,0.979722222222222
2022-09-02 14:00:00,0.9980555555555553,0.9980555555555553
2022-09-02 15:00:00,0.9777777777777776,0.9777777777777776
2022-09-02 16:00:00,0.9794444444444446,0.9794444444444446
2022-09-02 17:00:00,0.9811111111111108,0.9811111111111108
2022-09-02 18:00:00,0.9816666666666664,0.9816666666666664
2022-09-02 19:00:00,0.982222222222222,0.982222222222222
2022-09-02 20:00:00,0.9819444444444446,0.9819444444444446
2022-09-02 21:00:00,0.980277777777778,0.980277777777778
2022-09-02 22:00:00,0.9811111111111116,0.9811111111111116
2022-09-02 23:00:00,0.982222222222222,0.982222222222222
2022-09-03 00:00:00,0.9802777777777776,0.9802777777777776
2022-09-03 01:00:00,0.9830555555555556,0.9830555555555556
2022-09-03 02:00:00,0.9763888888888888,0.9763888888888888
2022-09-03 03:00:00,0.9838888888888888,0.9838888888888888
2022-09-03 04:00:00,0.9780555555555558,0.9780555555555558
2022-09-03 05:00:00,0.9791666666666672,0.9791666666666672
2022-09-03 06:00:00,0.9825,0.9825
2022-09-03 07:00:00,0.9811111111111116,0.9811111111111116
2022-09-03 08:00:00,0.98,0.98
2022-09-03 09:00:00,0.9838888888888888,0.9838888888888888
2022-09-03 10:00:00,0.9816666666666668,0.9816666666666668
2022-09-03 11:00:00,0.9827777777777778,0.9827777777777778
2022-09-03 12:00:00,0.9794444444444448,0.9794444444444448
2022-09-03 13:00:00,0.983611111111111,0.983611111111111
2022-09-03 14:00:00,0.9808333333333336,0.9808333333333336
2022-09-03 15:00:00,0.98,0.98
2022-09-03 16:00:00,0.9813888888888892,0.9813888888888892
2022-09-03 17:00:00,0.9788888888888888,0.9788888888888888
2022-09-03 18:00:00,0.9822222222222224,0.9822222222222224
2022-09-03 19:00:00,0.9844444444444446,0.9844444444444446
2022-09-03 20:00:00,0.9819444444444444,0.9819444444444444
2022-09-03 21:00:00,0.9833333333333332,0.9833333333333332
2022-09-03 22:00:00,0.9833333333333336,0.9833333333333336
2022-09-03 23:00:00,0.9833333333333334,0.9833333333333334
2022-09-04 00:00:00,0.9802777777777778,0.9802777777777778
2022-09-04 01:00:00,0.985,0.985
2022-09-04 02:00:00,0.981388888888889,0.981388888888889
2022-09-04 03:00:00,0.9825,0.9825
2022-09-04 04:00:00,0.985277777777778,0.985277777777778
2022-09-04 05:00:00,0.9797222222222224,0.9797222222222224
2022-09-04 06:00:00,0.9786111111111114,0.9786111111111114
2022-09-04 07:00:00,0.9802777777777778,0.9802777777777778
2022-09-04 08:00:00,0.9805555555555556,0.9805555555555556
2022-09-04 09:00:00,0.9819444444444444,0.9819444444444444
2022-09-04 10:00:00,0.9830555555555556,0.9830555555555556
2022-09-04 11:00:00,0.9802777777777776,0.9802777777777776
2022-09-04 12:00:00,0.9811111111111114,0.9811111111111114
2022-09-04 13:00:00,0.9819444444444448,0.9819444444444448
2022-09-04 14:00:00,0.9791666666666669,0.9791666666666669
2022-09-04 15:00:00,0.9836111111111108,0.9836111111111108
2022-09-04 16:00:00,0.985,0.985
2022-09-04 17:00:00,0.9994444444444446,0.9994444444444446
2022-09-04 18:00:00,0.9833333333333328,0.9833333333333328
2022-09-04 19:00:00,0.9827777777777778,0.9827777777777778
2022-09-04 20:00:00,0.9786111111111112,0.9786111111111112
2022-09-04 21:00:00,0.9791666666666666,0.9791666666666666
2022-09-04 22:00:00,0.982222222222222,0.982222222222222
2022-09-04 23:00:00,0.9805555555555556,0.9805555555555556
2022-09-05 00:00:00,0.9811111111111112,0.9811111111111112
2022-09-05 01:00:00,0.9813888888888892,0.9813888888888892
2022-09-05 02:00:00,0.985,0.985
2022-09-05 03:00:00,0.9808333333333336,0.9808333333333336
2022-09-05 04:00:00,0.9802777777777776,0.9802777777777776
2022-09-05 05:00:00,0.9825000000000004,0.9825000000000004
2022-09-05 06:00:00,0.9841666666666667,0.9841666666666667
2022-09-05 07:00:00,0.9991666666666664,0.9991666666666664
2022-09-05 08:00:00,0.9827777777777776,0.9827777777777776
2022-09-05 09:00:00,0.9794444444444446,0.9794444444444446
2022-09-05 10:00:00,0.9797222222222222,0.9797222222222222
2022-09-05 11:00:00,0.9808333333333332,0.9808333333333332
2022-09-05 12:00:00,0.9825000000000004,0.9825000000000004
2022-09-05 13:00:00,0.9841666666666664,0.9841666666666664
2022-09-05 14:00:00,0.9816666666666668,0.9816666666666668
2022-09-05 15:00:00,0.9816666666666666,0.9816666666666666
2022-09-05 16:00:00,0.980277777777778,0.980277777777778
2022-09-05 17:00:00,0.9822222222222222,0.9822222222222222
2022-09-05 18:00:00,0.9766666666666668,0.9766666666666668
2022-09-05 19:00:00,0.9794444444444448,0.9794444444444448
2022-09-05 20:00:00,0.9855555555555556,0.9855555555555556
2022-09-05 21:00:00,0.9836111111111112,0.9836111111111112
2022-09-05 22:00:00,0.9808333333333332,0.9808333333333332
2022-09-05 23:00:00,0.9827777777777776,0.9827777777777776
2022-09-06 00:00:00,0.9813888888888892,0.9813888888888892
2022-09-06 01:00:00,0.9808333333333334,0.9808333333333334
2022-09-06 02:00:00,0.9780555555555558,0.9780555555555558
2022-09-06 03:00:00,0.977777777777778,0.977777777777778
2022-09-06 04:00:00,0.9808333333333336,0.9808333333333336
2022-09-06 05:00:00,0.9836111111111112,0.9836111111111112
2022-09-06 06:00:00,0.9777777777777776,0.9777777777777776
2022-09-06 07:00:00,0.983333333333333,0.983333333333333
2022-09-06 08:00:00,0.998333333333333,0.998333333333333
2022-09-06 09:00:00,0.9783333333333332,0.9783333333333332
2022-09-06 10:00:00,0.9774999999999998,0.9774999999999998
2022-09-06 11:00:00,0.9986111111111112,0.9986111111111112
2022-09-06 12:00:00,0.9761111111111114,0.9761111111111114
2022-09-06 13:00:00,0.9819444444444446,0.9819444444444446
2022-09-06 14:00:00,0.5333333333333332,0.0658333333333333
2022-09-06 15:00:00,0.6094444444444443,0.2372222222222222
2022-09-06 16:00:00,0.7647222222222221,0.5338888888888889
2022-09-06 17:00:00,0.6545833333333333,0.3477777777777778
2022-09-06 18:00:00,0.5193055555555556,0.0575
2022-09-06 19:00:00,0.8343055555555556,0.6683333333333333
2022-09-06 20:00:00,0.4904166666666666,0.0
2022-09-06 21:00:00,0.4894444444444444,0.0
2022-09-06 22:00:00,0.4891666666666666,0.0
2022-09-06 23:00:00,0.4916666666666666,0.0
2022-09-07 00:00:00,0.4915277777777779,0.0
2022-09-07 01:00:00,0.4901388888888889,0.0
2022-09-07 02:00:00,0.499861111111111,0.0
2022-09-07 03:00:00,0.4916666666666667,0.0
2022-09-07 04:00:00,0.4919444444444444,0.0
2022-09-07 05:00:00,0.4905555555555556,0.0
2022-09-07 06:00:00,0.4891666666666668,0.0
2022-09-07 07:00:00,0.4994444444444442,0.0
2022-09-07 08:00:00,0.6465277777777777,0.3152777777777777
2022-09-07 09:00:00,0.9737499999999999,0.956111111111111
2022-09-07 10:00:00,0.9718055555555556,0.9627777777777778
2022-09-07 11:00:00,0.6276388888888889,0.2472222222222222
2022-09-07 12:00:00,0.8358333333333334,0.7005555555555557
2022-09-07 13:00:00,0.9811111111111112,0.9811111111111112
2022-09-07 14:00:00,0.9783333333333332,0.9783333333333332
2022-09-07 15:00:00,0.9379166666666665,0.8786111111111111
2022-09-07 16:00:00,0.4886111111111111,0.0
2022-09-07 17:00:00,0.498888888888889,0.0
2022-09-07 18:00:00,0.5594444444444445,0.1669444444444444
2022-09-07 19:00:00,0.7020833333333333,0.4308333333333333
2022-09-07 20:00:00,0.980277777777778,0.980277777777778
2022-09-07 21:00:00,0.9797222222222224,0.9797222222222224
2022-09-07 22:00:00,0.982777777777778,0.982777777777778
2022-09-07 23:00:00,1.0000000000000002,1.0000000000000002
2022-09-08 00:00:00,0.9813888888888888,0.9813888888888888
2022-09-08 01:00:00,0.9825,0.9825
2022-09-08 02:00:00,0.9833333333333332,0.9833333333333332
2022-09-08 03:00:00,0.978888888888889,0.978888888888889
2022-09-08 04:00:00,0.9816666666666668,0.9816666666666668
2022-09-08 05:00:00,0.9808333333333336,0.9808333333333336
2022-09-08 06:00:00,0.9802777777777784,0.9802777777777784
2022-09-08 07:00:00,0.977777777777778,0.977777777777778
2022-09-08 08:00:00,0.978611111111111,0.978611111111111
2022-09-08 09:00:00,0.9791666666666669,0.9791666666666669
2022-09-08 10:00:00,0.9802777777777776,0.9802777777777776
2022-09-08 11:00:00,0.9827777777777778,0.9827777777777778
2022-09-08 12:00:00,0.9825,0.9825
2022-09-08 13:00:00,1.0,1.0
2022-09-08 14:00:00,0.9805555555555554,0.9805555555555554
2022-09-08 15:00:00,0.9827777777777778,0.9827777777777778
2022-09-08 16:00:00,0.983055555555556,0.983055555555556
2022-09-08 17:00:00,0.982222222222222,0.982222222222222
2022-09-08 18:00:00,0.9838888888888888,0.9838888888888888
2022-09-08 19:00:00,0.9836111111111108,0.9836111111111108
2022-09-08 20:00:00,0.98,0.98
2022-09-08 21:00:00,0.9825,0.9825
2022-09-08 22:00:00,0.9838888888888888,0.9838888888888888
2022-09-08 23:00:00,0.9813888888888888,0.9813888888888888
2022-09-09 00:00:00,0.9813888888888892,0.9813888888888892
2022-09-09 01:00:00,0.985,0.985
2022-09-09 02:00:00,0.9780555555555556,0.9780555555555556
2022-09-09 03:00:00,0.9825000000000002,0.9825000000000002
2022-09-09 04:00:00,0.982777777777778,0.982777777777778
2022-09-09 05:00:00,0.9827777777777778,0.9827777777777778
2022-09-09 06:00:00,0.999166666666667,0.999166666666667
2022-09-09 07:00:00,0.9786111111111108,0.9786111111111108
2022-09-09 08:00:00,0.9794444444444442,0.9794444444444442
2022-09-09 09:00:00,0.9794444444444445,0.9794444444444445
2022-09-09 10:00:00,0.983611111111111,0.983611111111111
2022-09-09 11:00:00,0.978611111111111,0.978611111111111
2022-09-09 12:00:00,0.9819444444444444,0.9819444444444444
2022-09-09 13:00:00,0.9988888888888888,0.9988888888888888
2022-09-09 14:00:00,0.982777777777778,0.982777777777778
2022-09-09 15:00:00,0.977222222222222,0.977222222222222
2022-09-09 16:00:00,0.9922222222222224,0.9922222222222224
2022-09-09 17:00:00,0.9983333333333334,0.9983333333333334
2022-09-09 18:00:00,0.9936111111111108,0.9936111111111108
2022-09-09 19:00:00,0.9975000000000004,0.9975000000000004
2022-09-09 20:00:00,0.9969444444444444,0.9969444444444444
2022-09-09 21:00:00,0.9972222222222222,0.9972222222222222
2022-09-09 22:00:00,0.9966666666666668,0.9966666666666668
2022-09-09 23:00:00,0.9961111111111112,0.9961111111111112
2022-09-10 00:00:00,0.999444444444445,0.999444444444445
2022-09-10 01:00:00,0.9975000000000002,0.9975000000000002
2022-09-10 02:00:00,0.9969444444444449,0.9969444444444449
2022-09-10 03:00:00,0.9947222222222222,0.9947222222222222
2022-09-10 04:00:00,0.9958333333333336,0.9958333333333336
2022-09-10 05:00:00,0.9975000000000008,0.9975000000000008
2022-09-10 06:00:00,0.9983333333333336,0.9983333333333336
2022-09-10 07:00:00,0.9972222222222222,0.9972222222222222
2022-09-10 08:00:00,0.9969444444444446,0.9969444444444446
2022-09-10 09:00:00,0.9947222222222224,0.9947222222222224
2022-09-10 10:00:00,0.9969444444444446,0.9969444444444446
2022-09-10 11:00:00,0.9983333333333332,0.9983333333333332
2022-09-10 12:00:00,0.9919444444444449,0.9919444444444449
2022-09-10 13:00:00,0.9961111111111112,0.9961111111111112
2022-09-10 14:00:00,0.9955555555555552,0.9955555555555552
2022-09-10 15:00:00,0.9986111111111112,0.9986111111111112
2022-09-10 16:00:00,0.9955555555555556,0.9955555555555556
2022-09-10 17:00:00,0.9975,0.9975
2022-09-10 18:00:00,0.9988888888888886,0.9988888888888886
2022-09-10 19:00:00,0.9961111111111112,0.9961111111111112
2022-09-10 20:00:00,0.9961111111111112,0.9961111111111112
2022-09-10 21:00:00,0.9972222222222225,0.9972222222222225
2022-09-10 22:00:00,0.9986111111111112,0.9986111111111112
2022-09-10 23:00:00,0.9966666666666668,0.9966666666666668
2022-09-11 00:00:00,0.995,0.995
2022-09-11 01:00:00,0.995277777777778,0.995277777777778
2022-09-11 02:00:00,0.9941666666666668,0.9941666666666668
2022-09-11 03:00:00,0.9944444444444446,0.9944444444444446
2022-09-11 04:00:00,0.9983333333333332,0.9983333333333332
2022-09-11 05:00:00,0.995277777777778,0.995277777777778
2022-09-11 06:00:00,0.9961111111111114,0.9961111111111114
2022-09-11 07:00:00,0.9938888888888894,0.9938888888888894
2022-09-11 08:00:00,0.9969444444444444,0.9969444444444444
2022-09-11 09:00:00,0.9975,0.9975
2022-09-11 10:00:00,0.9961111111111112,0.9961111111111112
2022-09-11 11:00:00,0.9961111111111112,0.9961111111111112
2022-09-11 12:00:00,0.9949999999999998,0.9949999999999998
2022-09-11 13:00:00,0.982777777777778,0.982777777777778
2022-09-11 14:00:00,0.9997222222222224,0.9997222222222224
2022-09-11 15:00:00,0.9938888888888888,0.9938888888888888
2022-09-11 16:00:00,0.995,0.995
2022-09-11 17:00:00,0.9986111111111112,0.9986111111111112
2022-09-11 18:00:00,0.9958333333333336,0.9958333333333336
2022-09-11 19:00:00,0.9961111111111108,0.9961111111111108
2022-09-11 20:00:00,0.9969444444444446,0.9969444444444446
2022-09-11 21:00:00,0.9966666666666668,0.9966666666666668
2022-09-11 22:00:00,0.9988888888888892,0.9988888888888892
2022-09-11 23:00:00,0.9991666666666668,0.9991666666666668
2022-09-12 00:00:00,0.9986111111111114,0.9986111111111114
2022-09-12 01:00:00,0.9988888888888894,0.9988888888888894
2022-09-12 02:00:00,0.9975000000000004,0.9975000000000004
2022-09-12 03:00:00,0.9975000000000004,0.9975000000000004
2022-09-12 04:00:00,0.9963888888888892,0.9963888888888892
2022-09-12 05:00:00,0.9975000000000004,0.9975000000000004
2022-09-12 06:00:00,0.9955555555555556,0.9955555555555556
2022-09-12 07:00:00,0.9980555555555553,0.9980555555555553
2022-09-12 08:00:00,0.9988888888888888,0.9988888888888888
2022-09-12 09:00:00,0.9991666666666666,0.9991666666666666
2022-09-12 10:00:00,0.9941666666666668,0.9941666666666668
2022-09-12 11:00:00,0.9986111111111112,0.9986111111111112
2022-09-12 12:00:00,0.997222222222222,0.997222222222222
2022-09-12 13:00:00,0.996388888888889,0.996388888888889
2022-09-12 14:00:00,0.9983333333333332,0.9983333333333332
2022-09-12 15:00:00,0.9977777777777777,0.9977777777777777
2022-09-12 16:00:00,0.9941666666666666,0.9941666666666666
2022-09-12 17:00:00,0.995,0.995
2022-09-12 18:00:00,0.9961111111111112,0.9961111111111112
2022-09-12 19:00:00,0.9986111111111112,0.9986111111111112
2022-09-12 20:00:00,0.9958333333333332,0.9958333333333332
2022-09-12 21:00:00,0.9947222222222224,0.9947222222222224
2022-09-12 22:00:00,0.9988888888888892,0.9988888888888892
2022-09-12 23:00:00,0.9974999999999998,0.9974999999999998
2022-09-13 00:00:00,0.9961111111111108,0.9961111111111108
2022-09-13 01:00:00,0.9944444444444448,0.9944444444444448
2022-09-13 02:00:00,0.994166666666667,0.994166666666667
2022-09-13 03:00:00,0.9986111111111112,0.9986111111111112
2022-09-13 04:00:00,0.9958333333333336,0.9958333333333336
2022-09-13 05:00:00,0.9969444444444449,0.9969444444444449
2022-09-13 06:00:00,0.9966666666666668,0.9966666666666668
2022-09-13 07:00:00,0.9975,0.9975
2022-09-13 08:00:00,0.9986111111111112,0.9986111111111112
2022-09-13 09:00:00,0.9988888888888888,0.9988888888888888
2022-09-13 10:00:00,0.9986111111111112,0.9986111111111112
2022-09-13 11:00:00,0.9988888888888888,0.9988888888888888
2022-09-13 12:00:00,0.9944444444444442,0.9944444444444442
2022-09-13 13:00:00,0.9925000000000002,0.9925000000000002
2022-09-13 14:00:00,0.9963888888888888,0.9963888888888888
2022-09-13 15:00:00,0.9944444444444446,0.9944444444444446
2022-09-13 16:00:00,0.9969444444444444,0.9969444444444444
2022-09-13 17:00:00,0.997777777777778,0.997777777777778
2022-09-13 18:00:00,0.9983333333333334,0.9983333333333334
2022-09-13 19:00:00,0.9947222222222224,0.9947222222222224
2022-09-13 20:00:00,0.9966666666666664,0.9966666666666664
2022-09-13 21:00:00,0.997222222222222,0.997222222222222
2022-09-13 22:00:00,0.9988888888888888,0.9988888888888888
2022-09-13 23:00:00,0.9972222222222225,0.9972222222222225
2022-09-14 00:00:00,0.9966666666666668,0.9966666666666668
2022-09-14 01:00:00,0.995555555555556,0.995555555555556
2022-09-14 02:00:00,0.9972222222222225,0.9972222222222225
2022-09-14 03:00:00,0.9988888888888888,0.9988888888888888
2022-09-14 04:00:00,0.9994444444444444,0.9994444444444444
2022-09-14 05:00:00,0.9994444444444446,0.9994444444444446
2022-09-14 06:00:00,0.9941666666666668,0.9941666666666668
2022-09-14 07:00:00,0.993333333333333,0.993333333333333
2022-09-14 08:00:00,0.9941666666666664,0.9941666666666664
2022-09-14 09:00:00,0.9938888888888888,0.9938888888888888
2022-09-14 10:00:00,0.9952777777777778,0.9952777777777778
2022-09-14 11:00:00,0.997777777777778,0.997777777777778
2022-09-14 12:00:00,0.9958333333333332,0.9958333333333332
2022-09-14 13:00:00,0.9975,0.9975
2022-09-14 14:00:00,0.982777777777778,0.982777777777778
2022-09-14 15:00:00,0.9933333333333336,0.9933333333333336
2022-09-14 16:00:00,0.9955555555555556,0.9955555555555556
2022-09-14 17:00:00,0.9955555555555554,0.9955555555555554
2022-09-14 18:00:00,0.9997222222222224,0.9997222222222224
2022-09-14 19:00:00,0.9944444444444444,0.9944444444444444
2022-09-14 20:00:00,0.9972222222222222,0.9972222222222222
2022-09-14 21:00:00,0.9988888888888892,0.9988888888888892
2022-09-14 22:00:00,0.9941666666666672,0.9941666666666672
2022-09-14 23:00:00,0.9958333333333332,0.9958333333333332
2022-09-15 00:00:00,0.9969444444444449,0.9969444444444449
2022-09-15 01:00:00,0.9994444444444444,0.9994444444444444
2022-09-15 02:00:00,0.9952777777777776,0.9952777777777776
2022-09-15 03:00:00,0.9944444444444442,0.9944444444444442
2022-09-15 04:00:00,0.9969444444444444,0.9969444444444444
2022-09-15 05:00:00,0.9988888888888892,0.9988888888888892
2022-09-15 06:00:00,0.9941666666666668,0.9941666666666668
2022-09-15 07:00:00,0.994444444444444,0.994444444444444
2022-09-15 08:00:00,0.9961111111111112,0.9961111111111112
2022-09-15 09:00:00,0.9977777777777778,0.9977777777777778
2022-09-15 10:00:00,0.9950000000000004,0.9950000000000004
2022-09-15 11:00:00,0.9977777777777778,0.9977777777777778
2022-09-15 12:00:00,0.9983333333333336,0.9983333333333336
2022-09-15 13:00:00,0.995,0.995
2022-09-15 14:00:00,0.9988888888888888,0.9988888888888888
2022-09-15 15:00:00,0.9958333333333338,0.9958333333333338
2022-09-15 16:00:00,0.9961111111111112,0.9961111111111112
2022-09-15 17:00:00,0.9944444444444446,0.9944444444444446
2022-09-15 18:00:00,0.9986111111111112,0.9986111111111112
2022-09-15 19:00:00,0.995833333333333,0.995833333333333
2022-09-15 20:00:00,0.9980555555555556,0.9980555555555556
2022-09-15 21:00:00,0.9988888888888888,0.9988888888888888
2022-09-15 22:00:00,0.9958333333333332,0.9958333333333332
2022-09-15 23:00:00,0.997777777777778,0.997777777777778
2022-09-16 00:00:00,0.9986111111111116,0.9986111111111116
2022-09-16 01:00:00,0.9991666666666674,0.9991666666666674
2022-09-16 02:00:00,0.9991666666666672,0.9991666666666672
2022-09-16 03:00:00,0.9958333333333338,0.9958333333333338
2022-09-16 04:00:00,0.998611111111112,0.998611111111112
2022-09-16 05:00:00,0.9994444444444452,0.9994444444444452
2022-09-16 06:00:00,0.9958333333333332,0.9958333333333332
2022-09-16 07:00:00,0.9938888888888888,0.9938888888888888
2022-09-16 08:00:00,0.9983333333333332,0.9983333333333332
2022-09-16 09:00:00,0.9952777777777776,0.9952777777777776
2022-09-16 10:00:00,0.9991666666666664,0.9991666666666664
2022-09-16 11:00:00,0.9955555555555556,0.9955555555555556
2022-09-16 12:00:00,0.9947222222222222,0.9947222222222222
2022-09-16 13:00:00,0.9983333333333334,0.9983333333333334
2022-09-16 14:00:00,0.9936111111111112,0.9936111111111112
2022-09-16 15:00:00,0.9958333333333336,0.9958333333333336
2022-09-16 16:00:00,0.9969444444444446,0.9969444444444446
2022-09-16 17:00:00,0.9955555555555554,0.9955555555555554
2022-09-16 18:00:00,0.9955555555555556,0.9955555555555556
2022-09-16 19:00:00,0.995833333333334,0.995833333333334
2022-09-16 20:00:00,0.9983333333333332,0.9983333333333332
2022-09-16 21:00:00,0.9963888888888888,0.9963888888888888
2022-09-16 22:00:00,0.9977777777777782,0.9977777777777782
2022-09-16 23:00:00,0.9963888888888888,0.9963888888888888
2022-09-17 00:00:00,0.9941666666666664,0.9941666666666664
2022-09-17 01:00:00,0.9961111111111116,0.9961111111111116
2022-09-17 02:00:00,0.9974999999999998,0.9974999999999998
2022-09-17 03:00:00,0.9958333333333338,0.9958333333333338
2022-09-17 04:00:00,0.9986111111111116,0.9986111111111116
2022-09-17 05:00:00,0.9986111111111116,0.9986111111111116
2022-09-17 06:00:00,0.9986111111111112,0.9986111111111112
2022-09-17 07:00:00,0.9988888888888892,0.9988888888888892
2022-09-17 08:00:00,0.9952777777777776,0.9952777777777776
2022-09-17 09:00:00,0.9980555555555556,0.9980555555555556
2022-09-17 10:00:00,0.9955555555555556,0.9955555555555556
2022-09-17 11:00:00,0.9955555555555556,0.9955555555555556
2022-09-17 12:00:00,0.9938888888888888,0.9938888888888888
2022-09-17 13:00:00,0.9991666666666668,0.9991666666666668
2022-09-17 14:00:00,0.998055555555556,0.998055555555556
2022-09-17 15:00:00,0.9930555555555558,0.9930555555555558
2022-09-17 16:00:00,0.993888888888889,0.993888888888889
2022-09-17 17:00:00,0.998055555555556,0.998055555555556
2022-09-17 18:00:00,0.9986111111111108,0.9986111111111108
2022-09-17 19:00:00,0.999722222222222,0.999722222222222
2022-09-17 20:00:00,0.9991666666666664,0.9991666666666664
2022-09-17 21:00:00,0.9961111111111114,0.9961111111111114
2022-09-17 22:00:00,0.995277777777778,0.995277777777778
2022-09-17 23:00:00,0.9975000000000004,0.9975000000000004
2022-09-18 00:00:00,0.9941666666666668,0.9941666666666668
2022-09-18 01:00:00,0.9991666666666672,0.9991666666666672
2022-09-18 02:00:00,0.9952777777777784,0.9952777777777784
2022-09-18 03:00:00,0.9961111111111116,0.9961111111111116
2022-09-18 04:00:00,0.9947222222222226,0.9947222222222226
2022-09-18 05:00:00,0.998055555555556,0.998055555555556
2022-09-18 06:00:00,0.998055555555556,0.998055555555556
2022-09-18 07:00:00,0.9994444444444448,0.9994444444444448
2022-09-18 08:00:00,0.9986111111111112,0.9986111111111112
2022-09-18 09:00:00,0.9955555555555556,0.9955555555555556
2022-09-18 10:00:00,0.9991666666666664,0.9991666666666664
2022-09-18 11:00:00,0.9961111111111112,0.9961111111111112
2022-09-18 12:00:00,0.9986111111111108,0.9986111111111108
2022-09-18 13:00:00,0.9944444444444448,0.9944444444444448
2022-09-18 14:00:00,0.9991666666666668,0.9991666666666668
2022-09-18 15:00:00,0.9963888888888888,0.9963888888888888
2022-09-18 16:00:00,0.9961111111111112,0.9961111111111112
2022-09-18 17:00:00,0.9977777777777778,0.9977777777777778
2022-09-18 18:00:00,0.995277777777778,0.995277777777778
2022-09-18 19:00:00,0.9947222222222224,0.9947222222222224
2022-09-18 20:00:00,0.9983333333333334,0.9983333333333334
2022-09-18 21:00:00,0.9958333333333336,0.9958333333333336
2022-09-18 22:00:00,0.9958333333333332,0.9958333333333332
2022-09-18 23:00:00,0.9983333333333332,0.9983333333333332
2022-09-19 00:00:00,0.998333333333334,0.998333333333334
2022-09-19 01:00:00,0.9988888888888894,0.9988888888888894
2022-09-19 02:00:00,0.9988888888888894,0.9988888888888894
2022-09-19 03:00:00,0.9950000000000012,0.9950000000000012
2022-09-19 04:00:00,0.9983333333333338,0.9983333333333338
2022-09-19 05:00:00,0.9986111111111116,0.9986111111111116
2022-09-19 06:00:00,0.9958333333333336,0.9958333333333336
2022-09-19 07:00:00,0.9938888888888892,0.9938888888888892
2022-09-19 08:00:00,0.997222222222222,0.997222222222222
2022-09-19 09:00:00,0.9986111111111112,0.9986111111111112
2022-09-19 10:00:00,0.9997222222222222,0.9997222222222222
2022-09-19 11:00:00,0.9991666666666664,0.9991666666666664
2022-09-19 12:00:00,0.9955555555555556,0.9955555555555556
2022-09-19 13:00:00,0.997222222222222,0.997222222222222
2022-09-19 14:00:00,0.995,0.995
2022-09-19 15:00:00,0.9975000000000002,0.9975000000000002
2022-09-19 16:00:00,0.9991666666666668,0.9991666666666668
2022-09-19 17:00:00,0.997777777777778,0.997777777777778
2022-09-19 18:00:00,0.9983333333333334,0.9983333333333334
2022-09-19 19:00:00,0.9997222222222222,0.9997222222222222
2022-09-19 20:00:00,0.9980555555555553,0.9980555555555553
2022-09-19 21:00:00,0.982777777777778,0.982777777777778
2022-09-19 22:00:00,0.9997222222222222,0.9997222222222222
2022-09-19 23:00:00,0.9980555555555556,0.9980555555555556
2022-09-20 00:00:00,0.9958333333333336,0.9958333333333336
2022-09-20 01:00:00,0.9958333333333332,0.9958333333333332
2022-09-20 02:00:00,0.9991666666666668,0.9991666666666668
2022-09-20 03:00:00,0.995833333333334,0.995833333333334
2022-09-20 04:00:00,0.9988888888888888,0.9988888888888888
2022-09-20 05:00:00,0.9966666666666671,0.9966666666666671
2022-09-20 06:00:00,0.9969444444444444,0.9969444444444444
2022-09-20 07:00:00,0.9991666666666664,0.9991666666666664
2022-09-20 08:00:00,0.994166666666667,0.994166666666667
2022-09-20 09:00:00,0.9950000000000002,0.9950000000000002
2022-09-20 10:00:00,0.9944444444444444,0.9944444444444444
2022-09-20 11:00:00,0.9986111111111112,0.9986111111111112
2022-09-20 12:00:00,0.9936111111111112,0.9936111111111112
2022-09-20 13:00:00,0.9994444444444448,0.9994444444444448
2022-09-20 14:00:00,0.9977777777777777,0.9977777777777777
2022-09-20 15:00:00,0.9950000000000004,0.9950000000000004
2022-09-20 16:00:00,0.9958333333333332,0.9958333333333332
2022-09-20 17:00:00,0.9969444444444444,0.9969444444444444
2022-09-20 18:00:00,0.9986111111111114,0.9986111111111114
2022-09-20 19:00:00,0.9980555555555558,0.9980555555555558
2022-09-20 20:00:00,0.995,0.995
2022-09-20 21:00:00,0.9955555555555554,0.9955555555555554
2022-09-20 22:00:00,0.9966666666666668,0.9966666666666668
2022-09-20 23:00:00,0.9997222222222222,0.9997222222222222
2022-09-21 00:00:00,0.9975000000000002,0.9975000000000002
2022-09-21 01:00:00,0.9977777777777777,0.9977777777777777
2022-09-21 02:00:00,0.995,0.995
2022-09-21 03:00:00,0.999444444444444,0.999444444444444
2022-09-21 04:00:00,0.9991666666666664,0.9991666666666664
2022-09-21 05:00:00,0.9991666666666668,0.9991666666666668
2022-09-21 06:00:00,0.994722222222222,0.994722222222222
2022-09-21 07:00:00,0.9983333333333332,0.9983333333333332
2022-09-21 08:00:00,0.9986111111111106,0.9986111111111106
2022-09-21 09:00:00,0.9975000000000004,0.9975000000000004
2022-09-21 10:00:00,0.9988888888888892,0.9988888888888892
2022-09-21 11:00:00,0.9983333333333332,0.9983333333333332
2022-09-21 12:00:00,0.9991666666666666,0.9991666666666666
2022-09-21 13:00:00,0.9980555555555554,0.9980555555555554
2022-09-21 14:00:00,0.9997222222222224,0.9997222222222224
2022-09-21 15:00:00,0.9955555555555556,0.9955555555555556
2022-09-21 16:00:00,0.9980555555555556,0.9980555555555556
2022-09-21 17:00:00,0.9963888888888888,0.9963888888888888
2022-09-21 18:00:00,0.9952777777777776,0.9952777777777776
2022-09-21 19:00:00,0.5405555555555557,0.9983333333333336
2022-09-21 20:00:00,0.4980555555555556,0.9961111111111112
2022-09-21 21:00:00,0.4994444444444445,0.998888888888889
2022-09-21 22:00:00,0.4997222222222224,0.9994444444444448
2022-09-21 23:00:00,0.4976388888888888,0.9952777777777776
2022-09-22 00:00:00,0.4986111111111113,0.9972222222222226
2022-09-22 01:00:00,0.4994444444444444,0.9988888888888888
2022-09-22 02:00:00,0.4976388888888889,0.9952777777777778
2022-09-22 03:00:00,0.4998611111111112,0.9997222222222224
2022-09-22 04:00:00,0.4990277777777779,0.9980555555555558
2022-09-22 05:00:00,0.4987500000000002,0.9975000000000004
2022-09-22 06:00:00,0.4975000000000002,0.9950000000000004
2022-09-22 07:00:00,0.4970833333333333,0.9941666666666666
2022-09-22 08:00:00,0.4980555555555554,0.9961111111111108
2022-09-22 09:00:00,0.4986111111111112,0.9972222222222225
2022-09-22 10:00:00,0.4973611111111111,0.9947222222222222
2022-09-22 11:00:00,0.4975,0.995
2022-09-22 12:00:00,0.4988888888888892,0.9977777777777784
2022-09-22 13:00:00,0.4970833333333334,0.9941666666666668
2022-09-22 14:00:00,0.49875,0.9975
2022-09-22 15:00:00,0.4993055555555555,0.998611111111111
2022-09-22 16:00:00,0.4970833333333334,0.9941666666666668
2022-09-22 17:00:00,0.4972222222222221,0.9944444444444442
2022-09-22 18:00:00,0.4973611111111112,0.9947222222222224
2022-09-22 19:00:00,0.4991666666666666,0.9983333333333332
2022-09-22 20:00:00,0.4991666666666667,0.9983333333333334
2022-09-22 21:00:00,0.498888888888889,0.997777777777778
2022-09-22 22:00:00,0.4997222222222224,0.9994444444444448
2022-09-22 23:00:00,0.4977777777777777,0.9955555555555554
2022-09-23 00:00:00,0.4983333333333336,0.9966666666666671
2022-09-23 01:00:00,0.4972222222222224,0.9944444444444448
2022-09-23 02:00:00,0.4995833333333334,0.9991666666666668
2022-09-23 03:00:00,0.4983333333333334,0.9966666666666668
2022-09-23 04:00:00,0.4979166666666668,0.9958333333333336
2022-09-23 05:00:00,0.4977777777777778,0.9955555555555556
2022-09-23 06:00:00,0.4975000000000002,0.9950000000000004
2022-09-23 07:00:00,0.4983333333333333,0.9966666666666666
2022-09-23 08:00:00,0.7015277777777778,0.998611111111111
2022-09-23 09:00:00,0.9947222222222222,0.9947222222222222
2022-09-23 10:00:00,0.9991666666666664,0.9991666666666664
2022-09-23 11:00:00,0.998055555555556,0.998055555555556
2022-09-23 12:00:00,0.9974999999999998,0.9974999999999998
2022-09-23 13:00:00,0.9980555555555558,0.9980555555555558
2022-09-23 14:00:00,0.9975,0.9975
2022-09-23 15:00:00,0.9975,0.9975
2022-09-23 16:00:00,0.9938888888888892,0.9938888888888892
2022-09-23 17:00:00,0.9988888888888888,0.9988888888888888
2022-09-23 18:00:00,0.994444444444444,0.994444444444444
2022-09-23 19:00:00,0.9983333333333334,0.9983333333333334
2022-09-23 20:00:00,0.9963888888888892,0.9963888888888892
2022-09-23 21:00:00,0.9986111111111108,0.9986111111111108
2022-09-23 22:00:00,0.9986111111111112,0.9986111111111112
2022-09-23 23:00:00,0.9994444444444446,0.9994444444444446
2022-09-24 00:00:00,0.9958333333333336,0.9958333333333336
2022-09-24 01:00:00,0.9961111111111114,0.9961111111111114
2022-09-24 02:00:00,0.9969444444444444,0.9969444444444444
2022-09-24 03:00:00,0.9941666666666668,0.9941666666666668
2022-09-24 04:00:00,0.9949999999999998,0.9949999999999998
2022-09-24 05:00:00,0.9950000000000004,0.9950000000000004
2022-09-24 06:00:00,0.9947222222222224,0.9947222222222224
2022-09-24 07:00:00,0.9983333333333332,0.9983333333333332
2022-09-24 08:00:00,0.9941666666666664,0.9941666666666664
2022-09-24 09:00:00,0.9991666666666668,0.9991666666666668
2022-09-24 10:00:00,0.996111111111111,0.996111111111111
2022-09-24 11:00:00,0.9980555555555556,0.9980555555555556
2022-09-24 12:00:00,0.996388888888889,0.996388888888889
2022-09-24 13:00:00,0.9952777777777776,0.9952777777777776
2022-09-24 14:00:00,0.9941666666666668,0.9941666666666668
2022-09-24 15:00:00,0.9983333333333336,0.9983333333333336
2022-09-24 16:00:00,0.9980555555555558,0.9980555555555558
2022-09-24 17:00:00,0.9988888888888888,0.9988888888888888
2022-09-24 18:00:00,0.997222222222222,0.997222222222222
2022-09-24 19:00:00,0.998888888888889,0.998888888888889
2022-09-24 20:00:00,0.9988888888888888,0.9988888888888888
2022-09-24 21:00:00,0.9958333333333332,0.9958333333333332
2022-09-24 22:00:00,0.995277777777778,0.995277777777778
2022-09-24 23:00:00,0.999166666666667,0.999166666666667
2022-09-25 00:00:00,0.9944444444444442,0.9944444444444442
2022-09-25 01:00:00,0.9941666666666668,0.9941666666666668
2022-09-25 02:00:00,0.9994444444444446,0.9994444444444446
2022-09-25 03:00:00,0.9958333333333336,0.9958333333333336
2022-09-25 04:00:00,0.995,0.995
2022-09-25 05:00:00,0.9980555555555556,0.9980555555555556
2022-09-25 06:00:00,0.9988888888888888,0.9988888888888888
2022-09-25 07:00:00,0.995277777777778,0.995277777777778
2022-09-25 08:00:00,0.997777777777778,0.997777777777778
2022-09-25 09:00:00,0.997777777777778,0.997777777777778
2022-09-25 10:00:00,0.9966666666666668,0.9966666666666668
2022-09-25 11:00:00,0.9952777777777776,0.9952777777777776
2022-09-25 12:00:00,0.9938888888888892,0.9938888888888892
2022-09-25 13:00:00,0.9983333333333332,0.9983333333333332
2022-09-25 14:00:00,0.9988888888888888,0.9988888888888888
2022-09-25 15:00:00,0.9952777777777778,0.9952777777777778
2022-09-25 16:00:00,0.9983333333333336,0.9983333333333336
2022-09-25 17:00:00,0.9994444444444444,0.9994444444444444
2022-09-25 18:00:00,0.9941666666666666,0.9941666666666666
2022-09-25 19:00:00,0.9938888888888888,0.9938888888888888
2022-09-25 20:00:00,0.9950000000000004,0.9950000000000004
2022-09-25 21:00:00,0.995,0.995
2022-09-25 22:00:00,0.9966666666666666,0.9966666666666666
2022-09-25 23:00:00,0.9991666666666668,0.9991666666666668
2022-09-26 00:00:00,0.9980555555555556,0.9980555555555556
2022-09-26 01:00:00,0.977777777777778,0.977777777777778
2022-09-26 02:00:00,0.9986111111111112,0.9986111111111112
2022-09-26 03:00:00,0.9944444444444444,0.9944444444444444
2022-09-26 04:00:00,0.9969444444444444,0.9969444444444444
2022-09-26 05:00:00,0.9980555555555554,0.9980555555555554
2022-09-26 06:00:00,0.995,0.995
2022-09-26 07:00:00,0.997222222222222,0.997222222222222
2022-09-26 08:00:00,0.9991666666666668,0.9991666666666668
2022-09-26 09:00:00,0.9944444444444448,0.9944444444444448
2022-09-26 10:00:00,0.993888888888889,0.993888888888889
2022-09-26 11:00:00,0.9986111111111112,0.9986111111111112
2022-09-26 12:00:00,0.997777777777778,0.997777777777778
2022-09-26 13:00:00,0.9975000000000002,0.9975000000000002
2022-09-26 14:00:00,0.9986111111111112,0.9986111111111112
2022-09-26 15:00:00,0.9969444444444444,0.9969444444444444
2022-09-26 16:00:00,0.997777777777778,0.997777777777778
2022-09-26 17:00:00,0.9991666666666668,0.9991666666666668
2022-09-26 18:00:00,0.9974999999999998,0.9974999999999998
2022-09-26 19:00:00,0.9944444444444446,0.9944444444444446
2022-09-26 20:00:00,0.9980555555555556,0.9980555555555556
2022-09-26 21:00:00,0.9997222222222218,0.9997222222222218
2022-09-26 22:00:00,0.9963888888888888,0.9963888888888888
2022-09-26 23:00:00,0.9994444444444448,0.9994444444444448
2022-09-27 00:00:00,0.9983333333333336,0.9983333333333336
2022-09-27 01:00:00,0.9958333333333336,0.9958333333333336
2022-09-27 02:00:00,0.9975,0.9975
2022-09-27 03:00:00,0.9994444444444446,0.9994444444444446
2022-09-27 04:00:00,0.9977777777777777,0.9977777777777777
2022-09-27 05:00:00,0.9986111111111112,0.9986111111111112
2022-09-27 06:00:00,0.9983333333333336,0.9983333333333336
2022-09-27 07:00:00,0.9966666666666668,0.9966666666666668
2022-09-27 08:00:00,0.9991666666666668,0.9991666666666668
2022-09-27 09:00:00,0.9991666666666666,0.9991666666666666
2022-09-27 10:00:00,0.9980555555555556,0.9980555555555556
2022-09-27 11:00:00,0.9997222222222224,0.9997222222222224
2022-09-27 12:00:00,0.9944444444444444,0.9944444444444444
2022-09-27 13:00:00,0.9950000000000004,0.9950000000000004
2022-09-27 14:00:00,0.996666666666667,0.996666666666667
2022-09-27 15:00:00,0.9947222222222222,0.9947222222222222
2022-09-27 16:00:00,0.9941666666666664,0.9941666666666664
2022-09-27 17:00:00,0.9936111111111112,0.9936111111111112
2022-09-27 18:00:00,0.992777777777778,0.992777777777778
2022-09-27 19:00:00,0.9941666666666664,0.9941666666666664
2022-09-27 20:00:00,0.9966666666666668,0.9966666666666668
2022-09-27 21:00:00,0.9933333333333332,0.9933333333333332
2022-09-27 22:00:00,0.9958333333333332,0.9958333333333332
2022-09-27 23:00:00,0.9930555555555556,0.9930555555555556
2022-09-28 00:00:00,0.9983333333333334,0.9983333333333334
2022-09-28 01:00:00,0.9983333333333332,0.9983333333333332
2022-09-28 02:00:00,0.9980555555555558,0.9980555555555558
2022-09-28 03:00:00,0.9991666666666666,0.9991666666666666
2022-09-28 04:00:00,0.9938888888888888,0.9938888888888888
2022-09-28 05:00:00,0.6772222222222224,0.6772222222222224
2022-09-28 06:00:00,0.9952777777777776,0.9952777777777776
2022-09-28 07:00:00,0.995833333333333,0.995833333333333
2022-09-28 08:00:00,0.9983333333333332,0.9983333333333332
2022-09-28 09:00:00,0.9988888888888888,0.9988888888888888
2022-09-28 10:00:00,0.980277777777778,0.980277777777778
2022-09-28 11:00:00,0.9983333333333336,0.9983333333333336
2022-09-28 12:00:00,0.996111111111111,0.996111111111111
2022-09-28 13:00:00,0.9983333333333332,0.9983333333333332
2022-09-28 14:00:00,0.9925,0.9925
2022-09-28 15:00:00,0.9933333333333332,0.9933333333333332
2022-09-28 16:00:00,0.9950000000000004,0.9950000000000004
2022-09-28 17:00:00,0.9961111111111112,0.9961111111111112
2022-09-28 18:00:00,0.9966666666666668,0.9966666666666668
2022-09-28 19:00:00,0.9980555555555556,0.9980555555555556
2022-09-28 20:00:00,0.9980555555555554,0.9980555555555554
2022-09-28 21:00:00,0.9972222222222222,0.9972222222222222
2022-09-28 22:00:00,0.9922222222222224,0.9922222222222224
2022-09-28 23:00:00,0.9955555555555556,0.9955555555555556
2022-09-29 00:00:00,0.993611111111111,0.993611111111111
2022-09-29 01:00:00,0.996388888888889,0.996388888888889
2022-09-29 02:00:00,0.9930555555555556,0.9930555555555556
2022-09-29 03:00:00,0.9983333333333336,0.9983333333333336
2022-09-29 04:00:00,0.9933333333333334,0.9933333333333334
2022-09-29 05:00:00,0.9986111111111112,0.9986111111111112
2022-09-29 06:00:00,0.9925000000000002,0.9925000000000002
2022-09-29 07:00:00,0.9952777777777776,0.9952777777777776
2022-09-29 08:00:00,0.9938888888888884,0.9938888888888884
2022-09-29 09:00:00,0.996388888888889,0.996388888888889
2022-09-29 10:00:00,0.9958333333333332,0.9958333333333332
2022-09-29 11:00:00,0.9933333333333332,0.9933333333333332
2022-09-29 12:00:00,0.9966666666666664,0.9966666666666664
2022-09-29 13:00:00,0.9966666666666666,0.9966666666666666
2022-09-29 14:00:00,0.9963888888888892,0.9963888888888892
2022-09-29 15:00:00,0.9983333333333332,0.9983333333333332
2022-09-29 16:00:00,0.997777777777778,0.997777777777778
2022-09-29 17:00:00,0.9925000000000004,0.9925000000000004
2022-09-29 18:00:00,0.9947222222222222,0.9947222222222222
2022-09-29 19:00:00,0.9925,0.9925
2022-09-29 20:00:00,0.993055555555556,0.993055555555556
2022-09-29 21:00:00,0.9938888888888888,0.9938888888888888
2022-09-29 22:00:00,0.9969444444444444,0.9969444444444444
2022-09-29 23:00:00,0.9955555555555556,0.9955555555555556
2022-09-30 00:00:00,0.9969444444444446,0.9969444444444446
2022-09-30 01:00:00,0.993888888888889,0.993888888888889
2022-09-30 02:00:00,0.9944444444444444,0.9944444444444444
2022-09-30 03:00:00,0.9988888888888892,0.9988888888888892
2022-09-30 04:00:00,0.9961111111111116,0.9961111111111116
2022-09-30 05:00:00,0.9925,0.9925
2022-09-30 06:00:00,0.9930555555555556,0.9930555555555556
2022-09-30 07:00:00,0.9969444444444449,0.9969444444444449
2022-09-30 08:00:00,0.9952777777777776,0.9952777777777776
2022-09-30 09:00:00,0.9933333333333334,0.9933333333333334
2022-09-30 10:00:00,0.9972222222222222,0.9972222222222222
2022-09-30 11:00:00,0.9963888888888888,0.9963888888888888
2022-09-30 12:00:00,0.9961111111111112,0.9961111111111112
2022-09-30 13:00:00,0.9938888888888888,0.9938888888888888
2022-09-30 14:00:00,0.997777777777778,0.997777777777778
2022-09-30 15:00:00,0.9922222222222216,0.9922222222222216
2022-09-30 16:00:00,0.9944444444444444,0.9944444444444444
2022-09-30 17:00:00,0.9983333333333332,0.9983333333333332
2022-09-30 18:00:00,0.995833333333333,0.995833333333333
2022-09-30 19:00:00,0.9930555555555554,0.9930555555555554
2022-09-30 20:00:00,0.993888888888889,0.993888888888889
2022-09-30 21:00:00,0.9947222222222218,0.9947222222222218
2022-09-30 22:00:00,0.9955555555555552,0.9955555555555552
2022-09-30 23:00:00,0.9969444444444444,0.9969444444444444
2022-10-01 00:00:00,0.9980555555555558,0.9980555555555558
2022-10-01 01:00:00,0.9963888888888892,0.9963888888888892
2022-10-01 02:00:00,0.9980555555555558,0.9980555555555558
2022-10-01 03:00:00,0.9983333333333332,0.9983333333333332
2022-10-01 04:00:00,0.995555555555556,0.995555555555556
2022-10-01 05:00:00,0.9925000000000006,0.9925000000000006
2022-10-01 06:00:00,0.9936111111111112,0.9936111111111112
2022-10-01 07:00:00,0.9952777777777776,0.9952777777777776
2022-10-01 08:00:00,0.995833333333333,0.995833333333333
2022-10-01 09:00:00,0.9933333333333332,0.9933333333333332
2022-10-01 10:00:00,0.9963888888888888,0.9963888888888888
2022-10-01 11:00:00,0.9933333333333334,0.9933333333333334
2022-10-01 12:00:00,0.9955555555555552,0.9955555555555552
2022-10-01 13:00:00,0.9975,0.9975
2022-10-01 14:00:00,0.9930555555555558,0.9930555555555558
2022-10-01 15:00:00,1.0,1.0
2022-10-01 16:00:00,0.9972222222222222,0.9972222222222222
2022-10-01 17:00:00,0.997777777777778,0.997777777777778
2022-10-01 18:00:00,0.9936111111111112,0.9936111111111112
2022-10-01 19:00:00,0.9975,0.9975
2022-10-01 20:00:00,0.9944444444444444,0.9944444444444444
2022-10-01 21:00:00,0.9955555555555556,0.9955555555555556
2022-10-01 22:00:00,0.9980555555555558,0.9980555555555558
2022-10-01 23:00:00,0.9961111111111116,0.9961111111111116
2022-10-02 00:00:00,0.9944444444444446,0.9944444444444446
2022-10-02 01:00:00,0.9972222222222228,0.9972222222222228
2022-10-02 02:00:00,0.996944444444444,0.996944444444444
2022-10-02 03:00:00,0.9933333333333336,0.9933333333333336
2022-10-02 04:00:00,0.9950000000000006,0.9950000000000006
2022-10-02 05:00:00,0.9933333333333336,0.9933333333333336
2022-10-02 06:00:00,0.9947222222222224,0.9947222222222224
2022-10-02 07:00:00,0.9980555555555556,0.9980555555555556
2022-10-02 08:00:00,0.9983333333333334,0.9983333333333334
2022-10-02 09:00:00,0.9974999999999996,0.9974999999999996
2022-10-02 10:00:00,0.9950000000000006,0.9950000000000006
2022-10-02 11:00:00,0.9930555555555556,0.9930555555555556
2022-10-02 12:00:00,0.992777777777778,0.992777777777778
2022-10-02 13:00:00,0.9933333333333336,0.9933333333333336
2022-10-02 14:00:00,0.9952777777777778,0.9952777777777778
2022-10-02 15:00:00,0.9947222222222224,0.9947222222222224
2022-10-02 16:00:00,0.9952777777777776,0.9952777777777776
2022-10-02 17:00:00,0.9988888888888886,0.9988888888888886
2022-10-02 18:00:00,0.9947222222222224,0.9947222222222224
2022-10-02 19:00:00,0.9977777777777777,0.9977777777777777
2022-10-02 20:00:00,0.9980555555555556,0.9980555555555556
2022-10-02 21:00:00,0.9958333333333332,0.9958333333333332
2022-10-02 22:00:00,0.9930555555555552,0.9930555555555552
2022-10-02 23:00:00,0.9944444444444444,0.9944444444444444
2022-10-03 00:00:00,0.9975,0.9975
2022-10-03 01:00:00,0.997777777777778,0.997777777777778
2022-10-03 02:00:00,0.9980555555555553,0.9980555555555553
2022-10-03 03:00:00,0.9952777777777778,0.9952777777777778
2022-10-03 04:00:00,0.992777777777778,0.992777777777778
2022-10-03 05:00:00,0.996666666666667,0.996666666666667
2022-10-03 06:00:00,0.995,0.995
2022-10-03 07:00:00,0.9955555555555556,0.9955555555555556
2022-10-03 08:00:00,0.9966666666666668,0.9966666666666668
2022-10-03 09:00:00,0.993333333333333,0.993333333333333
2022-10-03 10:00:00,0.992222222222222,0.992222222222222
2022-10-03 11:00:00,0.997777777777778,0.997777777777778
2022-10-03 12:00:00,0.9936111111111112,0.9936111111111112
2022-10-03 13:00:00,0.9772222222222222,0.9772222222222222
2022-10-03 14:00:00,0.9941666666666666,0.9941666666666666
2022-10-03 15:00:00,0.9980555555555553,0.9980555555555553
2022-10-03 16:00:00,0.9941666666666668,0.9941666666666668
2022-10-03 17:00:00,0.9969444444444444,0.9969444444444444
2022-10-03 18:00:00,0.9925,0.9925
2022-10-03 19:00:00,0.9922222222222224,0.9922222222222224
2022-10-03 20:00:00,0.9983333333333336,0.9983333333333336
2022-10-03 21:00:00,0.9944444444444444,0.9944444444444444
2022-10-03 22:00:00,0.9944444444444446,0.9944444444444446
2022-10-03 23:00:00,0.9966666666666671,0.9966666666666671
2022-10-04 00:00:00,0.9952777777777778,0.9952777777777778
2022-10-04 01:00:00,0.9961111111111112,0.9961111111111112
2022-10-04 02:00:00,0.9963888888888892,0.9963888888888892
2022-10-04 03:00:00,0.9952777777777778,0.9952777777777778
2022-10-04 04:00:00,0.9216666666666666,0.9216666666666666
2022-10-04 05:00:00,0.9983333333333332,0.9983333333333332
2022-10-04 06:00:00,0.997777777777778,0.997777777777778
2022-10-04 07:00:00,0.9905555555555556,0.9905555555555556
2022-10-04 08:00:00,0.9911111111111108,0.9911111111111108
2022-10-04 09:00:00,0.9936111111111112,0.9936111111111112
2022-10-04 10:00:00,0.9972222222222225,0.9972222222222225
2022-10-04 11:00:00,0.9961111111111112,0.9961111111111112
2022-10-04 12:00:00,0.9975,0.9975
2022-10-04 13:00:00,0.9977777777777777,0.9977777777777777
2022-10-04 14:00:00,0.996388888888889,0.996388888888889
2022-10-04 15:00:00,0.9963888888888888,0.9963888888888888
2022-10-04 16:00:00,0.995,0.995
2022-10-04 17:00:00,0.9966666666666666,0.9966666666666666
2022-10-04 18:00:00,0.9933333333333336,0.9933333333333336
2022-10-04 19:00:00,0.9933333333333334,0.9933333333333334
2022-10-04 20:00:00,0.992777777777778,0.992777777777778
2022-10-04 21:00:00,0.9938888888888888,0.9938888888888888
2022-10-04 22:00:00,0.9969444444444452,0.9969444444444452
2022-10-04 23:00:00,0.9936111111111112,0.9936111111111112
2022-10-05 00:00:00,0.9980555555555556,0.9980555555555556
2022-10-05 01:00:00,0.9986111111111112,0.9986111111111112
2022-10-05 02:00:00,0.995555555555556,0.995555555555556
2022-10-05 03:00:00,0.9972222222222226,0.9972222222222226
2022-10-05 04:00:00,0.9941666666666666,0.9941666666666666
2022-10-05 05:00:00,0.9961111111111112,0.9961111111111112
2022-10-05 06:00:00,0.9955555555555556,0.9955555555555556
2022-10-05 07:00:00,0.995,0.995
2022-10-05 08:00:00,0.9969444444444442,0.9969444444444442
2022-10-05 09:00:00,0.9975000000000002,0.9975000000000002
2022-10-05 10:00:00,0.995277777777778,0.995277777777778
2022-10-05 11:00:00,0.9925,0.9925
2022-10-05 12:00:00,0.9927777777777784,0.9927777777777784
2022-10-05 13:00:00,0.9975,0.9975
2022-10-05 14:00:00,0.9966666666666666,0.9966666666666666
2022-10-05 15:00:00,0.9963888888888888,0.9963888888888888
2022-10-05 16:00:00,0.9961111111111112,0.9961111111111112
2022-10-05 17:00:00,0.9977777777777778,0.9977777777777778
2022-10-05 18:00:00,0.9955555555555556,0.9955555555555556
2022-10-05 19:00:00,0.9969444444444444,0.9969444444444444
2022-10-05 20:00:00,0.9925,0.9925
2022-10-05 21:00:00,0.9966666666666666,0.9966666666666666
2022-10-05 22:00:00,0.9952777777777778,0.9952777777777778
2022-10-05 23:00:00,0.9961111111111112,0.9961111111111112
2022-10-06 00:00:00,0.9944444444444446,0.9944444444444446
2022-10-06 01:00:00,0.9958333333333336,0.9958333333333336
2022-10-06 02:00:00,0.9961111111111112,0.9961111111111112
2022-10-06 03:00:00,0.995,0.995
2022-10-06 04:00:00,0.997777777777778,0.997777777777778
2022-10-06 05:00:00,0.9938888888888888,0.9938888888888888
2022-10-06 06:00:00,0.9977777777777778,0.9977777777777778
2022-10-06 07:00:00,0.9916666666666668,0.9916666666666668
2022-10-06 08:00:00,0.9974999999999998,0.9974999999999998
2022-10-06 09:00:00,0.9955555555555556,0.9955555555555556
2022-10-06 10:00:00,0.9952777777777776,0.9952777777777776
2022-10-06 11:00:00,0.9983333333333334,0.9983333333333334
2022-10-06 12:00:00,0.9963888888888888,0.9963888888888888
2022-10-06 13:00:00,0.9941666666666666,0.9941666666666666
2022-10-06 14:00:00,0.995555555555556,0.995555555555556
2022-10-06 15:00:00,0.9944444444444448,0.9944444444444448
2022-10-06 16:00:00,0.9988888888888892,0.9988888888888892
2022-10-06 17:00:00,0.9966666666666668,0.9966666666666668
2022-10-06 18:00:00,0.9938888888888888,0.9938888888888888
2022-10-06 19:00:00,0.9938888888888884,0.9938888888888884
2022-10-06 20:00:00,0.9975000000000002,0.9975000000000002
2022-10-06 21:00:00,0.9944444444444446,0.9944444444444446
2022-10-06 22:00:00,0.9975000000000004,0.9975000000000004
2022-10-06 23:00:00,0.9955555555555554,0.9955555555555554
2022-10-07 00:00:00,0.9969444444444444,0.9969444444444444
2022-10-07 01:00:00,0.9933333333333336,0.9933333333333336
2022-10-07 02:00:00,0.998055555555556,0.998055555555556
2022-10-07 03:00:00,0.9941666666666664,0.9941666666666664
2022-10-07 04:00:00,0.9938888888888888,0.9938888888888888
2022-10-07 05:00:00,0.9958333333333332,0.9958333333333332
2022-10-07 06:00:00,0.9938888888888888,0.9938888888888888
2022-10-07 07:00:00,0.9963888888888888,0.9963888888888888
2022-10-07 08:00:00,0.9980555555555558,0.9980555555555558
2022-10-07 09:00:00,0.9988888888888892,0.9988888888888892
2022-10-07 10:00:00,0.9922222222222224,0.9922222222222224
2022-10-07 11:00:00,0.9963888888888892,0.9963888888888892
2022-10-07 12:00:00,0.9963888888888888,0.9963888888888888
2022-10-07 13:00:00,0.994722222222222,0.994722222222222
2022-10-07 14:00:00,0.9930555555555554,0.9930555555555554
2022-10-07 15:00:00,0.9933333333333334,0.9933333333333334
2022-10-07 16:00:00,0.9947222222222224,0.9947222222222224
2022-10-07 17:00:00,0.9941666666666664,0.9941666666666664
2022-10-07 18:00:00,0.9944444444444446,0.9944444444444446
2022-10-07 19:00:00,0.9983333333333332,0.9983333333333332
2022-10-07 20:00:00,0.992777777777778,0.992777777777778
2022-10-07 21:00:00,0.9969444444444446,0.9969444444444446
2022-10-07 22:00:00,0.9980555555555556,0.9980555555555556
2022-10-07 23:00:00,0.993611111111111,0.993611111111111
2022-10-08 00:00:00,0.9925000000000002,0.9925000000000002
2022-10-08 01:00:00,0.9986111111111112,0.9986111111111112
2022-10-08 02:00:00,0.998055555555556,0.998055555555556
2022-10-08 03:00:00,0.9969444444444444,0.9969444444444444
2022-10-08 04:00:00,0.9952777777777778,0.9952777777777778
2022-10-08 05:00:00,0.9936111111111112,0.9936111111111112
2022-10-08 06:00:00,0.9944444444444442,0.9944444444444442
2022-10-08 07:00:00,0.9950000000000002,0.9950000000000002
2022-10-08 08:00:00,0.9969444444444446,0.9969444444444446
2022-10-08 09:00:00,0.9955555555555556,0.9955555555555556
2022-10-08 10:00:00,0.9952777777777776,0.9952777777777776
2022-10-08 11:00:00,0.9991666666666666,0.9991666666666666
2022-10-08 12:00:00,0.9955555555555556,0.9955555555555556
2022-10-08 13:00:00,0.9944444444444448,0.9944444444444448
2022-10-08 14:00:00,0.9933333333333332,0.9933333333333332
2022-10-08 15:00:00,0.9961111111111108,0.9961111111111108
2022-10-08 16:00:00,0.9924999999999996,0.9924999999999996
2022-10-08 17:00:00,0.9936111111111112,0.9936111111111112
2022-10-08 18:00:00,0.9941666666666666,0.9941666666666666
2022-10-08 19:00:00,0.991388888888889,0.991388888888889
2022-10-08 20:00:00,0.9958333333333336,0.9958333333333336
2022-10-08 21:00:00,0.9955555555555556,0.9955555555555556
2022-10-08 22:00:00,0.9952777777777776,0.9952777777777776
2022-10-08 23:00:00,0.9972222222222225,0.9972222222222225
2022-10-09 00:00:00,0.9983333333333334,0.9983333333333334
2022-10-09 01:00:00,0.9944444444444446,0.9944444444444446
2022-10-09 02:00:00,0.9958333333333336,0.9958333333333336
2022-10-09 03:00:00,0.9952777777777784,0.9952777777777784
2022-10-09 04:00:00,0.9980555555555556,0.9980555555555556
2022-10-09 05:00:00,0.9952777777777778,0.9952777777777778
2022-10-09 06:00:00,0.9950000000000004,0.9950000000000004
2022-10-09 07:00:00,0.9966666666666668,0.9966666666666668
2022-10-09 08:00:00,0.9933333333333334,0.9933333333333334
2022-10-09 09:00:00,0.9961111111111112,0.9961111111111112
2022-10-09 10:00:00,0.9988888888888888,0.9988888888888888
2022-10-09 11:00:00,0.997777777777778,0.997777777777778
2022-10-09 12:00:00,0.9983333333333334,0.9983333333333334
2022-10-09 13:00:00,0.995555555555556,0.995555555555556
2022-10-09 14:00:00,0.9983333333333334,0.9983333333333334
2022-10-09 15:00:00,0.9947222222222226,0.9947222222222226
2022-10-09 16:00:00,0.995,0.995
2022-10-09 17:00:00,0.9944444444444444,0.9944444444444444
2022-10-09 18:00:00,0.9972222222222222,0.9972222222222222
2022-10-09 19:00:00,0.9963888888888888,0.9963888888888888
2022-10-09 20:00:00,0.9933333333333332,0.9933333333333332
2022-10-09 21:00:00,0.9941666666666668,0.9941666666666668
2022-10-09 22:00:00,0.993888888888889,0.993888888888889
2022-10-09 23:00:00,0.9975,0.9975
2022-10-10 00:00:00,0.9977777777777782,0.9977777777777782
2022-10-10 01:00:00,0.995555555555556,0.995555555555556
2022-10-10 02:00:00,0.9961111111111112,0.9961111111111112
2022-10-10 03:00:00,0.9947222222222226,0.9947222222222226
2022-10-10 04:00:00,0.9941666666666664,0.9941666666666664
2022-10-10 05:00:00,0.9961111111111108,0.9961111111111108
2022-10-10 06:00:00,0.9961111111111112,0.9961111111111112
2022-10-10 07:00:00,0.9924999999999996,0.9924999999999996
2022-10-10 08:00:00,0.9930555555555556,0.9930555555555556
2022-10-10 09:00:00,0.9930555555555556,0.9930555555555556
2022-10-10 10:00:00,0.9963888888888888,0.9963888888888888
2022-10-10 11:00:00,0.9913888888888888,0.9913888888888888
2022-10-10 12:00:00,0.9961111111111116,0.9961111111111116
2022-10-10 13:00:00,0.9980555555555558,0.9980555555555558
2022-10-10 14:00:00,0.9933333333333332,0.9933333333333332
2022-10-10 15:00:00,0.997777777777778,0.997777777777778
2022-10-10 16:00:00,0.9983333333333336,0.9983333333333336
2022-10-10 17:00:00,0.9941666666666668,0.9941666666666668
2022-10-10 18:00:00,0.9930555555555556,0.9930555555555556
2022-10-10 19:00:00,0.9938888888888892,0.9938888888888892
2022-10-10 20:00:00,0.997777777777778,0.997777777777778
2022-10-10 21:00:00,0.9975000000000002,0.9975000000000002
2022-10-10 22:00:00,0.9936111111111112,0.9936111111111112
2022-10-10 23:00:00,0.9941666666666668,0.9941666666666668
2022-10-11 00:00:00,0.9961111111111112,0.9961111111111112
2022-10-11 01:00:00,0.998611111111111,0.998611111111111
2022-10-11 02:00:00,0.9938888888888888,0.9938888888888888
2022-10-11 03:00:00,0.9944444444444448,0.9944444444444448
2022-10-11 04:00:00,0.9980555555555556,0.9980555555555556
2022-10-11 05:00:00,0.9966666666666666,0.9966666666666666
2022-10-11 06:00:00,0.9938888888888888,0.9938888888888888
2022-10-11 07:00:00,0.9941666666666666,0.9941666666666666
2022-10-11 08:00:00,0.9930555555555558,0.9930555555555558
2022-10-11 09:00:00,0.9975,0.9975
2022-10-11 10:00:00,0.9963888888888888,0.9963888888888888
2022-10-11 11:00:00,0.9944444444444444,0.9944444444444444
2022-10-11 12:00:00,0.9963888888888888,0.9963888888888888
2022-10-11 13:00:00,0.9927777777777778,0.9927777777777778
2022-10-11 14:00:00,0.995277777777778,0.995277777777778
2022-10-11 15:00:00,0.9930555555555556,0.9930555555555556
2022-10-11 16:00:00,0.995,0.995
2022-10-11 17:00:00,0.9941666666666668,0.9941666666666668
2022-10-11 18:00:00,0.9933333333333328,0.9933333333333328
2022-10-11 19:00:00,0.9958333333333332,0.9958333333333332
2022-10-11 20:00:00,0.9955555555555554,0.9955555555555554
2022-10-11 21:00:00,0.9966666666666668,0.9966666666666668
2022-10-11 22:00:00,0.9972222222222222,0.9972222222222222
2022-10-11 23:00:00,0.9950000000000004,0.9950000000000004
2022-10-12 00:00:00,0.9980555555555556,0.9980555555555556
2022-10-12 01:00:00,0.9955555555555556,0.9955555555555556
2022-10-12 02:00:00,0.9961111111111112,0.9961111111111112
2022-10-12 03:00:00,0.998055555555556,0.998055555555556
2022-10-12 04:00:00,0.9936111111111112,0.9936111111111112
2022-10-12 05:00:00,0.9966666666666668,0.9966666666666668
2022-10-12 06:00:00,0.9952777777777776,0.9952777777777776
2022-10-12 07:00:00,0.992777777777778,0.992777777777778
2022-10-12 08:00:00,0.9927777777777776,0.9927777777777776
2022-10-12 09:00:00,0.995,0.995
2022-10-12 10:00:00,0.9974999999999996,0.9974999999999996
2022-10-12 11:00:00,0.9955555555555556,0.9955555555555556
2022-10-12 12:00:00,0.9977777777777777,0.9977777777777777
2022-10-12 13:00:00,0.9950000000000004,0.9950000000000004
2022-10-12 14:00:00,0.9966666666666668,0.9966666666666668
2022-10-12 15:00:00,0.994166666666667,0.994166666666667
2022-10-12 16:00:00,0.9969444444444444,0.9969444444444444
2022-10-12 17:00:00,0.9966666666666668,0.9966666666666668
2022-10-12 18:00:00,0.9922222222222226,0.9922222222222226
2022-10-12 19:00:00,0.9936111111111112,0.9936111111111112
2022-10-12 20:00:00,0.995,0.995
2022-10-12 21:00:00,0.9933333333333336,0.9933333333333336
2022-10-12 22:00:00,0.9941666666666668,0.9941666666666668
2022-10-12 23:00:00,0.9938888888888892,0.9938888888888892
2022-10-13 00:00:00,0.993611111111111,0.993611111111111
2022-10-13 01:00:00,0.998888888888889,0.998888888888889
2022-10-13 02:00:00,0.9933333333333332,0.9933333333333332
2022-10-13 03:00:00,0.9958333333333336,0.9958333333333336
2022-10-13 04:00:00,0.9947222222222222,0.9947222222222222
2022-10-13 05:00:00,0.9936111111111112,0.9936111111111112
2022-10-13 06:00:00,0.9952777777777784,0.9952777777777784
2022-10-13 07:00:00,0.9975,0.9975
2022-10-13 08:00:00,0.9952777777777778,0.9952777777777778
2022-10-13 09:00:00,0.9938888888888888,0.9938888888888888
2022-10-13 10:00:00,0.9969444444444444,0.9969444444444444
2022-10-13 11:00:00,0.9936111111111108,0.9936111111111108
2022-10-13 12:00:00,0.9958333333333332,0.9958333333333332
2022-10-13 13:00:00,0.9958333333333332,0.9958333333333332
2022-10-13 14:00:00,0.9933333333333336,0.9933333333333336
2022-10-13 15:00:00,0.9972222222222225,0.9972222222222225
2022-10-13 16:00:00,0.997777777777778,0.997777777777778
2022-10-13 17:00:00,0.9938888888888888,0.9938888888888888
2022-10-13 18:00:00,0.9919444444444442,0.9919444444444442
2022-10-13 19:00:00,0.9977777777777778,0.9977777777777778
2022-10-13 20:00:00,0.9924999999999998,0.9924999999999998
2022-10-13 21:00:00,0.9966666666666666,0.9966666666666666
2022-10-13 22:00:00,0.9941666666666666,0.9941666666666666
2022-10-13 23:00:00,0.9977777777777778,0.9977777777777778
2022-10-14 00:00:00,0.996388888888889,0.996388888888889
2022-10-14 01:00:00,0.9947222222222224,0.9947222222222224
2022-10-14 02:00:00,0.996666666666667,0.996666666666667
2022-10-14 03:00:00,0.9944444444444448,0.9944444444444448
2022-10-14 04:00:00,0.9941666666666672,0.9941666666666672
2022-10-14 05:00:00,0.9972222222222222,0.9972222222222222
2022-10-14 06:00:00,0.9977777777777778,0.9977777777777778
2022-10-14 07:00:00,0.9941666666666664,0.9941666666666664
2022-10-14 08:00:00,0.9961111111111112,0.9961111111111112
2022-10-14 09:00:00,0.9972222222222226,0.9972222222222226
2022-10-14 10:00:00,0.995277777777778,0.995277777777778
2022-10-14 11:00:00,0.9961111111111116,0.9961111111111116
2022-10-14 12:00:00,0.9927777777777778,0.9927777777777778
2022-10-14 13:00:00,0.9983333333333332,0.9983333333333332
2022-10-14 14:00:00,0.9933333333333336,0.9933333333333336
2022-10-14 15:00:00,0.998055555555556,0.998055555555556
2022-10-14 16:00:00,0.9969444444444446,0.9969444444444446
2022-10-14 17:00:00,0.9966666666666666,0.9966666666666666
2022-10-14 18:00:00,0.995,0.995
2022-10-14 19:00:00,0.9961111111111112,0.9961111111111112
2022-10-14 20:00:00,0.9961111111111112,0.9961111111111112
2022-10-14 21:00:00,0.9972222222222226,0.9972222222222226
2022-10-14 22:00:00,0.9958333333333338,0.9958333333333338
2022-10-14 23:00:00,0.9983333333333336,0.9983333333333336
2022-10-15 00:00:00,0.9947222222222224,0.9947222222222224
2022-10-15 01:00:00,0.9930555555555556,0.9930555555555556
2022-10-15 02:00:00,0.997777777777778,0.997777777777778
2022-10-15 03:00:00,0.9980555555555558,0.9980555555555558
2022-10-15 04:00:00,0.9966666666666668,0.9966666666666668
2022-10-15 05:00:00,0.9986111111111112,0.9986111111111112
2022-10-15 06:00:00,0.9933333333333336,0.9933333333333336
2022-10-15 07:00:00,0.9983333333333334,0.9983333333333334
2022-10-15 08:00:00,0.9950000000000004,0.9950000000000004
2022-10-15 09:00:00,0.9977777777777778,0.9977777777777778
2022-10-15 10:00:00,0.995277777777778,0.995277777777778
2022-10-15 11:00:00,0.9936111111111112,0.9936111111111112
2022-10-15 12:00:00,0.9947222222222224,0.9947222222222224
2022-10-15 13:00:00,0.9966666666666668,0.9966666666666668
2022-10-15 14:00:00,0.9955555555555556,0.9955555555555556
2022-10-15 15:00:00,0.9936111111111112,0.9936111111111112
2022-10-15 16:00:00,0.9966666666666664,0.9966666666666664
2022-10-15 17:00:00,0.9983333333333336,0.9983333333333336
2022-10-15 18:00:00,0.9983333333333336,0.9983333333333336
2022-10-15 19:00:00,0.9944444444444446,0.9944444444444446
2022-10-15 20:00:00,0.9947222222222224,0.9947222222222224
2022-10-15 21:00:00,0.9969444444444449,0.9969444444444449
2022-10-15 22:00:00,0.995,0.995
2022-10-15 23:00:00,0.9941666666666668,0.9941666666666668
2022-10-16 00:00:00,0.9952777777777778,0.9952777777777778
2022-10-16 01:00:00,0.9975000000000004,0.9975000000000004
2022-10-16 02:00:00,0.9983333333333332,0.9983333333333332
2022-10-16 03:00:00,0.9988888888888892,0.9988888888888892
2022-10-16 04:00:00,0.9958333333333338,0.9958333333333338
2022-10-16 05:00:00,0.9969444444444446,0.9969444444444446
2022-10-16 06:00:00,0.9936111111111112,0.9936111111111112
2022-10-16 07:00:00,0.994166666666667,0.994166666666667
2022-10-16 08:00:00,0.9947222222222224,0.9947222222222224
2022-10-16 09:00:00,0.9980555555555558,0.9980555555555558
2022-10-16 10:00:00,0.9925000000000004,0.9925000000000004
2022-10-16 11:00:00,0.9941666666666668,0.9941666666666668
2022-10-16 12:00:00,0.9958333333333336,0.9958333333333336
2022-10-16 13:00:00,0.9977777777777777,0.9977777777777777
2022-10-16 14:00:00,0.9961111111111112,0.9961111111111112
2022-10-16 15:00:00,0.9955555555555556,0.9955555555555556
2022-10-16 16:00:00,0.9988888888888888,0.9988888888888888
2022-10-16 17:00:00,0.9963888888888888,0.9963888888888888
2022-10-16 18:00:00,0.9988888888888892,0.9988888888888892
2022-10-16 19:00:00,0.9980555555555558,0.9980555555555558
2022-10-16 20:00:00,0.9974999999999998,0.9974999999999998
2022-10-16 21:00:00,0.9972222222222222,0.9972222222222222
2022-10-16 22:00:00,0.9966666666666664,0.9966666666666664
2022-10-16 23:00:00,0.9941666666666666,0.9941666666666666
2022-10-17 00:00:00,0.9980555555555556,0.9980555555555556
2022-10-17 01:00:00,0.9977777777777784,0.9977777777777784
2022-10-17 02:00:00,0.9941666666666672,0.9941666666666672
2022-10-17 03:00:00,0.9950000000000008,0.9950000000000008
2022-10-17 04:00:00,0.9972222222222228,0.9972222222222228
2022-10-17 05:00:00,0.992777777777778,0.992777777777778
2022-10-17 06:00:00,0.995,0.995
2022-10-17 07:00:00,0.9961111111111114,0.9961111111111114
2022-10-17 08:00:00,0.995,0.995
2022-10-17 09:00:00,0.9966666666666668,0.9966666666666668
2022-10-17 10:00:00,0.9969444444444446,0.9969444444444446
2022-10-17 11:00:00,0.9936111111111112,0.9936111111111112
2022-10-17 12:00:00,0.9961111111111112,0.9961111111111112
2022-10-17 13:00:00,0.9958333333333336,0.9958333333333336
2022-10-17 14:00:00,0.9933333333333334,0.9933333333333334
2022-10-17 15:00:00,0.9963888888888892,0.9963888888888892
2022-10-17 16:00:00,0.9941666666666672,0.9941666666666672
2022-10-17 17:00:00,0.9977777777777777,0.9977777777777777
2022-10-17 18:00:00,0.9958333333333332,0.9958333333333332
2022-10-17 19:00:00,0.9947222222222222,0.9947222222222222
2022-10-17 20:00:00,0.9938888888888888,0.9938888888888888
2022-10-17 21:00:00,0.9972222222222225,0.9972222222222225
2022-10-17 22:00:00,0.9936111111111112,0.9936111111111112
2022-10-17 23:00:00,0.997777777777778,0.997777777777778
2022-10-18 00:00:00,0.9961111111111112,0.9961111111111112
2022-10-18 01:00:00,0.9930555555555558,0.9930555555555558
2022-10-18 02:00:00,0.9936111111111112,0.9936111111111112
2022-10-18 03:00:00,0.9952777777777776,0.9952777777777776
2022-10-18 04:00:00,0.9975000000000002,0.9975000000000002
2022-10-18 05:00:00,0.9944444444444448,0.9944444444444448
2022-10-18 06:00:00,0.9969444444444444,0.9969444444444444
2022-10-18 07:00:00,0.9938888888888888,0.9938888888888888
2022-10-18 08:00:00,0.9969444444444444,0.9969444444444444
2022-10-18 09:00:00,0.9958333333333332,0.9958333333333332
2022-10-18 10:00:00,0.9983333333333332,0.9983333333333332
2022-10-18 11:00:00,0.998333333333333,0.998333333333333
2022-10-18 12:00:00,0.9980555555555558,0.9980555555555558
2022-10-18 13:00:00,0.9977777777777782,0.9977777777777782
2022-10-18 14:00:00,0.9983333333333332,0.9983333333333332
2022-10-18 15:00:00,0.992777777777778,0.992777777777778
2022-10-18 16:00:00,0.9944444444444446,0.9944444444444446
2022-10-18 17:00:00,0.9950000000000002,0.9950000000000002
2022-10-18 18:00:00,0.995277777777778,0.995277777777778
2022-10-18 19:00:00,0.9958333333333336,0.9958333333333336
2022-10-18 20:00:00,0.997222222222222,0.997222222222222
2022-10-18 21:00:00,0.9958333333333336,0.9958333333333336
2022-10-18 22:00:00,0.9930555555555556,0.9930555555555556
2022-10-18 23:00:00,0.993888888888889,0.993888888888889
2022-10-19 00:00:00,0.9977777777777778,0.9977777777777778
2022-10-19 01:00:00,0.9941666666666672,0.9941666666666672
2022-10-19 02:00:00,0.9947222222222226,0.9947222222222226
2022-10-19 03:00:00,0.9944444444444448,0.9944444444444448
2022-10-19 04:00:00,0.9963888888888888,0.9963888888888888
2022-10-19 05:00:00,0.9983333333333334,0.9983333333333334
2022-10-19 06:00:00,0.994166666666667,0.994166666666667
2022-10-19 07:00:00,0.9938888888888886,0.9938888888888886
2022-10-19 08:00:00,0.9966666666666666,0.9966666666666666
2022-10-19 09:00:00,0.9944444444444444,0.9944444444444444
2022-10-19 10:00:00,0.9966666666666668,0.9966666666666668
2022-10-19 11:00:00,0.9983333333333334,0.9983333333333334
2022-10-19 12:00:00,0.9986111111111108,0.9986111111111108
2022-10-19 13:00:00,0.9936111111111112,0.9936111111111112
2022-10-19 14:00:00,0.9933333333333336,0.9933333333333336
2022-10-19 15:00:00,0.9977777777777777,0.9977777777777777
2022-10-19 16:00:00,0.999722222222222,0.999722222222222
2022-10-19 17:00:00,0.997777777777778,0.997777777777778
2022-10-19 18:00:00,0.9941666666666668,0.9941666666666668
2022-10-19 19:00:00,0.9972222222222225,0.9972222222222225
2022-10-19 20:00:00,0.9947222222222226,0.9947222222222226
2022-10-19 21:00:00,0.996388888888889,0.996388888888889
2022-10-19 22:00:00,0.995,0.995
2022-10-19 23:00:00,0.9988888888888892,0.9988888888888892
2022-10-20 00:00:00,0.9977777777777778,0.9977777777777778
2022-10-20 01:00:00,0.995277777777778,0.995277777777778
2022-10-20 02:00:00,0.9955555555555556,0.9955555555555556
2022-10-20 03:00:00,0.9955555555555556,0.9955555555555556
2022-10-20 04:00:00,0.9941666666666666,0.9941666666666666
2022-10-20 05:00:00,0.9947222222222224,0.9947222222222224
2022-10-20 06:00:00,0.995555555555556,0.995555555555556
2022-10-20 07:00:00,0.9911111111111108,0.9911111111111108
2022-10-20 08:00:00,0.9961111111111108,0.9961111111111108
2022-10-20 09:00:00,0.992222222222222,0.992222222222222
2022-10-20 10:00:00,0.9922222222222222,0.9922222222222222
2022-10-20 11:00:00,0.995,0.995
2022-10-20 12:00:00,0.9991666666666672,0.9991666666666672
2022-10-20 13:00:00,0.9924999999999998,0.9924999999999998
2022-10-20 14:00:00,0.9925000000000002,0.9925000000000002
2022-10-20 15:00:00,0.9955555555555556,0.9955555555555556
2022-10-20 16:00:00,0.9927777777777778,0.9927777777777778
2022-10-20 17:00:00,0.9933333333333332,0.9933333333333332
2022-10-20 18:00:00,0.9944444444444448,0.9944444444444448
2022-10-20 19:00:00,0.9980555555555556,0.9980555555555556
2022-10-20 20:00:00,0.9927777777777778,0.9927777777777778
2022-10-20 21:00:00,0.9972222222222225,0.9972222222222225
2022-10-20 22:00:00,0.9933333333333336,0.9933333333333336
2022-10-20 23:00:00,0.9991666666666668,0.9991666666666668
2022-10-21 00:00:00,0.997777777777778,0.997777777777778
2022-10-21 01:00:00,0.9977777777777777,0.9977777777777777
2022-10-21 02:00:00,0.9986111111111112,0.9986111111111112
2022-10-21 03:00:00,0.9930555555555554,0.9930555555555554
2022-10-21 04:00:00,0.997777777777778,0.997777777777778
2022-10-21 05:00:00,0.9972222222222225,0.9972222222222225
2022-10-21 06:00:00,0.9969444444444446,0.9969444444444446
2022-10-21 07:00:00,0.9938888888888888,0.9938888888888888
2022-10-21 08:00:00,0.9919444444444444,0.9919444444444444
2022-10-21 09:00:00,0.9947222222222228,0.9947222222222228
2022-10-21 10:00:00,0.9936111111111112,0.9936111111111112
2022-10-21 11:00:00,0.9925000000000004,0.9925000000000004
2022-10-21 12:00:00,0.9941666666666668,0.9941666666666668
2022-10-21 13:00:00,0.9930555555555556,0.9930555555555556
2022-10-21 14:00:00,0.9963888888888892,0.9963888888888892
2022-10-21 15:00:00,0.9947222222222224,0.9947222222222224
2022-10-21 16:00:00,0.9925000000000002,0.9925000000000002
2022-10-21 17:00:00,0.9975000000000002,0.9975000000000002
2022-10-21 18:00:00,0.9950000000000002,0.9950000000000002
2022-10-21 19:00:00,0.9933333333333334,0.9933333333333334
2022-10-21 20:00:00,0.9975000000000002,0.9975000000000002
2022-10-21 21:00:00,0.9955555555555556,0.9955555555555556
2022-10-21 22:00:00,0.9958333333333336,0.9958333333333336
2022-10-21 23:00:00,0.998055555555556,0.998055555555556
2022-10-22 00:00:00,0.9941666666666668,0.9941666666666668
2022-10-22 01:00:00,0.9977777777777778,0.9977777777777778
2022-10-22 02:00:00,0.9977777777777777,0.9977777777777777
2022-10-22 03:00:00,0.9975000000000004,0.9975000000000004
2022-10-22 04:00:00,0.997222222222222,0.997222222222222
2022-10-22 05:00:00,0.9986111111111112,0.9986111111111112
2022-10-22 06:00:00,0.993611111111111,0.993611111111111
2022-10-22 07:00:00,0.9975000000000004,0.9975000000000004
2022-10-22 08:00:00,0.9958333333333336,0.9958333333333336
2022-10-22 09:00:00,0.9975000000000004,0.9975000000000004
2022-10-22 10:00:00,0.9936111111111114,0.9936111111111114
2022-10-22 11:00:00,0.9941666666666666,0.9941666666666666
2022-10-22 12:00:00,0.9944444444444444,0.9944444444444444
2022-10-22 13:00:00,0.9944444444444446,0.9944444444444446
2022-10-22 14:00:00,0.9966666666666664,0.9966666666666664
2022-10-22 15:00:00,0.9963888888888892,0.9963888888888892
2022-10-22 16:00:00,0.9963888888888892,0.9963888888888892
2022-10-22 17:00:00,0.9947222222222224,0.9947222222222224
2022-10-22 18:00:00,0.9950000000000002,0.9950000000000002
2022-10-22 19:00:00,0.9930555555555552,0.9930555555555552
2022-10-22 20:00:00,0.9975000000000002,0.9975000000000002
2022-10-22 21:00:00,0.9947222222222224,0.9947222222222224
2022-10-22 22:00:00,0.9969444444444449,0.9969444444444449
2022-10-22 23:00:00,0.9969444444444444,0.9969444444444444
2022-10-23 00:00:00,0.9972222222222222,0.9972222222222222
2022-10-23 01:00:00,0.9952777777777776,0.9952777777777776
2022-10-23 02:00:00,0.9963888888888892,0.9963888888888892
2022-10-23 03:00:00,0.995277777777778,0.995277777777778
2022-10-23 04:00:00,0.9980555555555558,0.9980555555555558
2022-10-23 05:00:00,0.9958333333333338,0.9958333333333338
2022-10-23 06:00:00,0.9936111111111112,0.9936111111111112
2022-10-23 07:00:00,0.995555555555556,0.995555555555556
2022-10-23 08:00:00,0.9983333333333332,0.9983333333333332
2022-10-23 09:00:00,0.9944444444444442,0.9944444444444442
2022-10-23 10:00:00,0.9944444444444446,0.9944444444444446
2022-10-23 11:00:00,0.9938888888888888,0.9938888888888888
2022-10-23 12:00:00,0.9958333333333332,0.9958333333333332
2022-10-23 13:00:00,0.9941666666666668,0.9941666666666668
2022-10-23 14:00:00,0.9924999999999998,0.9924999999999998
2022-10-23 15:00:00,0.9958333333333332,0.9958333333333332
2022-10-23 16:00:00,0.9958333333333332,0.9958333333333332
2022-10-23 17:00:00,0.9941666666666666,0.9941666666666666
2022-10-23 18:00:00,0.9991666666666664,0.9991666666666664
2022-10-23 19:00:00,0.9927777777777784,0.9927777777777784
2022-10-23 20:00:00,0.9952777777777778,0.9952777777777778
2022-10-23 21:00:00,0.9972222222222225,0.9972222222222225
2022-10-23 22:00:00,0.9938888888888894,0.9938888888888894
2022-10-23 23:00:00,0.9969444444444449,0.9969444444444449
2022-10-24 00:00:00,0.997777777777778,0.997777777777778
2022-10-24 01:00:00,0.9980555555555556,0.9980555555555556
2022-10-24 02:00:00,0.995277777777778,0.995277777777778
2022-10-24 03:00:00,0.9941666666666668,0.9941666666666668
2022-10-24 04:00:00,0.9958333333333332,0.9958333333333332
2022-10-24 05:00:00,0.992777777777778,0.992777777777778
2022-10-24 06:00:00,0.9980555555555556,0.9980555555555556
2022-10-24 07:00:00,0.993333333333333,0.993333333333333
2022-10-24 08:00:00,0.9986111111111112,0.9986111111111112
2022-10-24 09:00:00,0.9977777777777778,0.9977777777777778
2022-10-24 10:00:00,0.9980555555555556,0.9980555555555556
2022-10-24 11:00:00,0.9936111111111112,0.9936111111111112
2022-10-24 12:00:00,0.992777777777778,0.992777777777778
2022-10-24 13:00:00,0.9949999999999998,0.9949999999999998
2022-10-24 14:00:00,0.9986111111111114,0.9986111111111114
2022-10-24 15:00:00,0.9925,0.9925
2022-10-24 16:00:00,0.9958333333333332,0.9958333333333332
2022-10-24 17:00:00,0.9938888888888888,0.9938888888888888
2022-10-24 18:00:00,0.9933333333333334,0.9933333333333334
2022-10-24 19:00:00,0.9988888888888888,0.9988888888888888
2022-10-24 20:00:00,0.9975000000000002,0.9975000000000002
2022-10-24 21:00:00,0.9925000000000004,0.9925000000000004
2022-10-24 22:00:00,0.9958333333333336,0.9958333333333336
2022-10-24 23:00:00,0.9958333333333336,0.9958333333333336
2022-10-25 00:00:00,0.997777777777778,0.997777777777778
2022-10-25 01:00:00,0.9955555555555552,0.9955555555555552
2022-10-25 02:00:00,0.9969444444444444,0.9969444444444444
2022-10-25 03:00:00,0.995555555555556,0.995555555555556
2022-10-25 04:00:00,0.9972222222222226,0.9972222222222226
2022-10-25 05:00:00,0.9938888888888888,0.9938888888888888
2022-10-25 06:00:00,0.9969444444444449,0.9969444444444449
2022-10-25 07:00:00,0.9961111111111112,0.9961111111111112
2022-10-25 08:00:00,0.9952777777777778,0.9952777777777778
2022-10-25 09:00:00,0.9969444444444444,0.9969444444444444
2022-10-25 10:00:00,0.9961111111111112,0.9961111111111112
2022-10-25 11:00:00,0.9927777777777778,0.9927777777777778
2022-10-25 12:00:00,0.9955555555555556,0.9955555555555556
2022-10-25 13:00:00,0.9972222222222222,0.9972222222222222
2022-10-25 14:00:00,0.995,0.995
2022-10-25 15:00:00,0.9927777777777776,0.9927777777777776
2022-10-25 16:00:00,0.9947222222222226,0.9947222222222226
2022-10-25 17:00:00,0.9930555555555556,0.9930555555555556
2022-10-25 18:00:00,0.9966666666666666,0.9966666666666666
2022-10-25 19:00:00,0.9930555555555556,0.9930555555555556
2022-10-25 20:00:00,0.9944444444444448,0.9944444444444448
2022-10-25 21:00:00,0.9950000000000004,0.9950000000000004
2022-10-25 22:00:00,0.9936111111111112,0.9936111111111112
2022-10-25 23:00:00,0.9955555555555556,0.9955555555555556
2022-10-26 00:00:00,0.9941666666666668,0.9941666666666668
2022-10-26 01:00:00,0.9936111111111112,0.9936111111111112
2022-10-26 02:00:00,0.9980555555555558,0.9980555555555558
2022-10-26 03:00:00,0.9986111111111116,0.9986111111111116
2022-10-26 04:00:00,0.9933333333333334,0.9933333333333334
2022-10-26 05:00:00,0.9925,0.9925
2022-10-26 06:00:00,0.9947222222222224,0.9947222222222224
2022-10-26 07:00:00,0.9966666666666668,0.9966666666666668
2022-10-26 08:00:00,0.9986111111111112,0.9986111111111112
2022-10-26 09:00:00,0.9988888888888892,0.9988888888888892
2022-10-26 10:00:00,0.9961111111111112,0.9961111111111112
2022-10-26 11:00:00,0.9961111111111112,0.9961111111111112
2022-10-26 12:00:00,0.9972222222222226,0.9972222222222226
2022-10-26 13:00:00,0.9986111111111112,0.9986111111111112
2022-10-26 14:00:00,0.9969444444444444,0.9969444444444444
2022-10-26 15:00:00,0.9977777777777778,0.9977777777777778
2022-10-26 16:00:00,0.9936111111111108,0.9936111111111108
2022-10-26 17:00:00,0.993611111111111,0.993611111111111
2022-10-26 18:00:00,0.9927777777777774,0.9927777777777774
2022-10-26 19:00:00,0.9974999999999996,0.9974999999999996
2022-10-26 20:00:00,0.9958333333333332,0.9958333333333332
2022-10-26 21:00:00,0.9758333333333336,0.9758333333333336
2022-10-26 22:00:00,0.9969444444444446,0.9969444444444446
2022-10-26 23:00:00,0.9969444444444444,0.9969444444444444
2022-10-27 00:00:00,0.9961111111111112,0.9961111111111112
2022-10-27 01:00:00,0.9941666666666668,0.9941666666666668
2022-10-27 02:00:00,0.993055555555556,0.993055555555556
2022-10-27 03:00:00,0.9952777777777778,0.9952777777777778
2022-10-27 04:00:00,0.9955555555555556,0.9955555555555556
2022-10-27 05:00:00,0.9980555555555556,0.9980555555555556
2022-10-27 06:00:00,0.997777777777778,0.997777777777778
2022-10-27 07:00:00,0.9991666666666666,0.9991666666666666
2022-10-27 08:00:00,0.9944444444444442,0.9944444444444442
2022-10-27 09:00:00,0.996666666666667,0.996666666666667
2022-10-27 10:00:00,0.9933333333333332,0.9933333333333332
2022-10-27 11:00:00,0.9927777777777778,0.9927777777777778
2022-10-27 12:00:00,0.9966666666666664,0.9966666666666664
2022-10-27 13:00:00,0.9961111111111108,0.9961111111111108
2022-10-27 14:00:00,0.9947222222222222,0.9947222222222222
2022-10-27 15:00:00,0.9980555555555556,0.9980555555555556
2022-10-27 16:00:00,0.9972222222222222,0.9972222222222222
2022-10-27 17:00:00,0.992777777777778,0.992777777777778
2022-10-27 18:00:00,0.9974999999999998,0.9974999999999998
2022-10-27 19:00:00,0.9963888888888892,0.9963888888888892
2022-10-27 20:00:00,0.9958333333333336,0.9958333333333336
2022-10-27 21:00:00,0.9966666666666668,0.9966666666666668
2022-10-27 22:00:00,0.9941666666666668,0.9941666666666668
2022-10-27 23:00:00,0.9966666666666664,0.9966666666666664
2022-10-28 00:00:00,0.9941666666666668,0.9941666666666668
2022-10-28 01:00:00,0.9969444444444444,0.9969444444444444
2022-10-28 02:00:00,0.9966666666666668,0.9966666666666668
2022-10-28 03:00:00,0.9958333333333336,0.9958333333333336
2022-10-28 04:00:00,0.997777777777778,0.997777777777778
2022-10-28 05:00:00,0.9933333333333334,0.9933333333333334
2022-10-28 06:00:00,0.9941666666666664,0.9941666666666664
2022-10-28 07:00:00,0.9938888888888888,0.9938888888888888
2022-10-28 08:00:00,0.992222222222222,0.992222222222222
2022-10-28 09:00:00,0.995833333333334,0.995833333333334
2022-10-28 10:00:00,0.9969444444444449,0.9969444444444449
2022-10-28 11:00:00,0.9930555555555556,0.9930555555555556
2022-10-28 12:00:00,0.9941666666666668,0.9941666666666668
2022-10-28 13:00:00,0.9944444444444444,0.9944444444444444
2022-10-28 14:00:00,0.9963888888888888,0.9963888888888888
2022-10-28 15:00:00,0.996388888888889,0.996388888888889
2022-10-28 16:00:00,0.9980555555555553,0.9980555555555553
2022-10-28 17:00:00,0.9944444444444444,0.9944444444444444
2022-10-28 18:00:00,0.9933333333333334,0.9933333333333334
2022-10-28 19:00:00,0.9952777777777784,0.9952777777777784
2022-10-28 20:00:00,0.9961111111111112,0.9961111111111112
2022-10-28 21:00:00,0.9938888888888888,0.9938888888888888
2022-10-28 22:00:00,0.9955555555555556,0.9955555555555556
2022-10-28 23:00:00,0.995277777777778,0.995277777777778
2022-10-29 00:00:00,0.9961111111111112,0.9961111111111112
2022-10-29 01:00:00,0.9966666666666666,0.9966666666666666
2022-10-29 02:00:00,0.9980555555555556,0.9980555555555556
2022-10-29 03:00:00,0.994166666666667,0.994166666666667
2022-10-29 04:00:00,0.9988888888888888,0.9988888888888888
2022-10-29 05:00:00,0.9980555555555556,0.9980555555555556
2022-10-29 06:00:00,0.9966666666666668,0.9966666666666668
2022-10-29 07:00:00,0.9947222222222224,0.9947222222222224
2022-10-29 08:00:00,0.9944444444444448,0.9944444444444448
2022-10-29 09:00:00,0.9977777777777777,0.9977777777777777
2022-10-29 10:00:00,0.996388888888889,0.996388888888889
2022-10-29 11:00:00,0.9933333333333336,0.9933333333333336
2022-10-29 12:00:00,0.9944444444444444,0.9944444444444444
2022-10-29 13:00:00,0.9969444444444444,0.9969444444444444
2022-10-29 14:00:00,0.9966666666666664,0.9966666666666664
2022-10-29 15:00:00,0.9986111111111112,0.9986111111111112
2022-10-29 16:00:00,0.9958333333333332,0.9958333333333332
2022-10-29 17:00:00,0.993611111111111,0.993611111111111
2022-10-29 18:00:00,0.9961111111111112,0.9961111111111112
2022-10-29 19:00:00,0.9961111111111114,0.9961111111111114
2022-10-29 20:00:00,0.995,0.995
2022-10-29 21:00:00,0.9944444444444444,0.9944444444444444
2022-10-29 22:00:00,0.996388888888889,0.996388888888889
2022-10-29 23:00:00,0.9933333333333336,0.9933333333333336
2022-10-30 00:00:00,0.996388888888889,0.996388888888889
2022-10-30 01:00:00,0.9969444444444449,0.9969444444444449
2022-10-30 02:00:00,0.996388888888889,0.996388888888889
2022-10-30 03:00:00,0.9961111111111116,0.9961111111111116
2022-10-30 04:00:00,0.9944444444444444,0.9944444444444444
2022-10-30 05:00:00,0.9941666666666668,0.9941666666666668
2022-10-30 06:00:00,0.9963888888888888,0.9963888888888888
2022-10-30 07:00:00,0.9958333333333336,0.9958333333333336
2022-10-30 08:00:00,0.9969444444444449,0.9969444444444449
2022-10-30 09:00:00,0.9941666666666664,0.9941666666666664
2022-10-30 10:00:00,0.9988888888888892,0.9988888888888892
2022-10-30 11:00:00,0.9961111111111112,0.9961111111111112
2022-10-30 12:00:00,0.9938888888888886,0.9938888888888886
2022-10-30 13:00:00,0.9947222222222224,0.9947222222222224
2022-10-30 14:00:00,0.993888888888889,0.993888888888889
2022-10-30 15:00:00,0.9938888888888888,0.9938888888888888
2022-10-30 16:00:00,0.9952777777777776,0.9952777777777776
2022-10-30 17:00:00,0.9936111111111112,0.9936111111111112
2022-10-30 18:00:00,0.9977777777777774,0.9977777777777774
2022-10-30 19:00:00,0.995,0.995
2022-10-30 20:00:00,0.9975000000000004,0.9975000000000004
2022-10-30 21:00:00,0.998611111111111,0.998611111111111
2022-10-30 22:00:00,0.9991666666666668,0.9991666666666668
2022-10-30 23:00:00,0.9983333333333336,0.9983333333333336
2022-10-31 00:00:00,0.9972222222222225,0.9972222222222225
2022-10-31 01:00:00,0.9933333333333336,0.9933333333333336
2022-10-31 02:00:00,0.998055555555556,0.998055555555556
2022-10-31 03:00:00,0.995833333333334,0.995833333333334
2022-10-31 04:00:00,0.9941666666666668,0.9941666666666668
2022-10-31 05:00:00,0.994722222222222,0.994722222222222
2022-10-31 06:00:00,0.9938888888888888,0.9938888888888888
2022-10-31 07:00:00,0.9930555555555556,0.9930555555555556
2022-10-31 08:00:00,0.9991666666666668,0.9991666666666668
2022-10-31 09:00:00,0.9966666666666668,0.9966666666666668
2022-10-31 10:00:00,0.9930555555555556,0.9930555555555556
2022-10-31 11:00:00,0.9955555555555556,0.9955555555555556
2022-10-31 12:00:00,0.992777777777778,0.992777777777778
2022-10-31 13:00:00,0.9944444444444446,0.9944444444444446
2022-10-31 14:00:00,0.992777777777778,0.992777777777778
2022-10-31 15:00:00,0.9933333333333336,0.9933333333333336
2022-10-31 16:00:00,0.9969444444444446,0.9969444444444446
2022-10-31 17:00:00,0.997222222222222,0.997222222222222
2022-10-31 18:00:00,0.9927777777777778,0.9927777777777778
2022-10-31 19:00:00,0.9969444444444444,0.9969444444444444
2022-10-31 20:00:00,0.9972222222222225,0.9972222222222225
2022-10-31 21:00:00,0.9952777777777778,0.9952777777777778
2022-10-31 22:00:00,0.9947222222222222,0.9947222222222222
2022-10-31 23:00:00,0.997222222222222,0.997222222222222
2022-11-01 00:00:00,0.9958333333333332,0.9958333333333332
2022-11-01 01:00:00,0.9980555555555556,0.9980555555555556
2022-11-01 02:00:00,0.9977777777777778,0.9977777777777778
2022-11-01 03:00:00,0.9924999999999998,0.9924999999999998
2022-11-01 04:00:00,0.9980555555555558,0.9980555555555558
2022-11-01 05:00:00,0.9955555555555556,0.9955555555555556
2022-11-01 06:00:00,0.995,0.995
2022-11-01 07:00:00,0.9941666666666668,0.9941666666666668
2022-11-01 08:00:00,0.9936111111111112,0.9936111111111112
2022-11-01 09:00:00,0.9983333333333336,0.9983333333333336
2022-11-01 10:00:00,0.9961111111111112,0.9961111111111112
2022-11-01 11:00:00,0.9958333333333336,0.9958333333333336
2022-11-01 12:00:00,0.9938888888888888,0.9938888888888888
2022-11-01 13:00:00,0.9938888888888888,0.9938888888888888
2022-11-01 14:00:00,0.9983333333333336,0.9983333333333336
2022-11-01 15:00:00,0.9958333333333328,0.9958333333333328
2022-11-01 16:00:00,0.993055555555556,0.993055555555556
2022-11-01 17:00:00,0.995277777777778,0.995277777777778
2022-11-01 18:00:00,0.9950000000000002,0.9950000000000002
2022-11-01 19:00:00,0.9955555555555556,0.9955555555555556
2022-11-01 20:00:00,0.9930555555555556,0.9930555555555556
2022-11-01 21:00:00,0.9986111111111108,0.9986111111111108
2022-11-01 22:00:00,0.996388888888889,0.996388888888889
2022-11-01 23:00:00,0.9969444444444446,0.9969444444444446
2022-11-02 00:00:00,0.9952777777777778,0.9952777777777778
2022-11-02 01:00:00,0.9977777777777778,0.9977777777777778
2022-11-02 02:00:00,0.999722222222222,0.999722222222222
2022-11-02 03:00:00,0.9955555555555556,0.9955555555555556
2022-11-02 04:00:00,0.9966666666666668,0.9966666666666668
2022-11-02 05:00:00,0.9969444444444449,0.9969444444444449
2022-11-02 06:00:00,0.995277777777778,0.995277777777778
2022-11-02 07:00:00,0.9933333333333336,0.9933333333333336
2022-11-02 08:00:00,0.9952777777777776,0.9952777777777776
2022-11-02 09:00:00,0.9980555555555556,0.9980555555555556
2022-11-02 10:00:00,0.9922222222222224,0.9922222222222224
2022-11-02 11:00:00,0.9977777777777774,0.9977777777777774
2022-11-02 12:00:00,0.997777777777778,0.997777777777778
2022-11-02 13:00:00,0.992777777777778,0.992777777777778
2022-11-02 14:00:00,0.9988888888888888,0.9988888888888888
2022-11-02 15:00:00,0.1633333333333333,0.1633333333333333
