dateTime,availability 0,nedør,temp,vind,hour,count,count_last_hour,isHoliday,weekday,month,Mean_close_count_last_hour
2020-05-01 01:00:00,0,0.0,-3.5,0.5,0,0,,True,4,5,0
2020-05-01 02:00:00,0,0.0,-0.7,2.2,1,0,0.0,True,4,5,0
2020-05-01 03:00:00,0,0.0,-2.9,0.9,2,0,0.0,True,4,5,0
2020-05-01 04:00:00,0,0.0,-2.4,0.5,3,0,0.0,True,4,5,0
2020-05-01 05:00:00,0,0.0,-2.4,0.7,4,0,0.0,True,4,5,0
2020-05-01 06:00:00,0,0.0,-2.3,0.6,5,0,0.0,True,4,5,0
2020-05-01 07:00:00,0,0.0,-2.1,0.8,6,1,0.0,True,4,5,0
2020-05-01 08:00:00,0,0.0,-1.8,0.3,7,0,1.0,True,4,5,0
2020-05-01 09:00:00,0,0.0,-1.1,1.0,8,0,0.0,True,4,5,0
2020-05-01 10:00:00,0,0.0,-1.0,0.4,9,2,0.0,True,4,5,0
2020-05-01 11:00:00,0,0.1,-0.8,3.8,10,2,2.0,True,4,5,1
2020-05-01 12:00:00,1,0.5,-1.1,2.4,11,5,2.0,True,4,5,3
2020-05-01 13:00:00,1,0.0,-0.6,2.8,12,7,5.0,True,4,5,1
2020-05-01 14:00:00,1,0.0,0.3,2.7,13,5,7.0,True,4,5,2
2020-05-01 15:00:00,1,0.0,1.1,3.9,14,2,5.0,True,4,5,0
2020-05-01 16:00:00,1,0.0,1.2,3.1,15,4,2.0,True,4,5,4
2020-05-01 17:00:00,1,0.0,1.3,2.4,16,3,4.0,True,4,5,4
2020-05-01 18:00:00,1,0.0,1.6,1.9,17,0,3.0,True,4,5,2
2020-05-01 19:00:00,1,0.0,2.2,2.5,18,0,0.0,True,4,5,3
2020-05-01 20:00:00,1,0.0,2.5,0.3,19,2,0.0,True,4,5,1
2020-05-01 21:00:00,1,0.0,2.4,0.9,20,1,2.0,True,4,5,2
2020-05-01 22:00:00,1,0.0,2.2,1.9,21,7,1.0,True,4,5,2
2020-05-01 23:00:00,1,0.0,1.4,1.4,22,1,7.0,True,4,5,2
2020-05-01 00:00:00,1,0.0,0.2,1.2,23,0,1.0,True,4,5,0
2020-05-02 01:00:00,1,0.0,-6.3,0.4,0,0,,False,5,5,0
2020-05-02 02:00:00,1,0.0,-6.4,0.7,1,0,0.0,False,5,5,0
2020-05-02 03:00:00,1,0.0,-6.6,1.1,2,0,0.0,False,5,5,0
2020-05-02 04:00:00,1,0.0,-6.9,0.5,3,0,0.0,False,5,5,0
2020-05-02 05:00:00,1,0.0,-6.7,1.1,4,0,0.0,False,5,5,0
2020-05-02 06:00:00,1,0.0,-6.5,1.0,5,0,0.0,False,5,5,0
2020-05-02 07:00:00,1,0.0,-6.4,0.6,6,1,0.0,False,5,5,0
2020-05-02 08:00:00,1,0.0,-5.0,0.9,7,4,1.0,False,5,5,1
2020-05-02 09:00:00,1,0.0,-3.9,0.5,8,2,4.0,False,5,5,2
2020-05-02 10:00:00,1,0.0,-3.1,0.3,9,1,2.0,False,5,5,0
2020-05-02 11:00:00,0,0.0,-1.9,1.0,10,1,1.0,False,5,5,0
2020-05-02 12:00:00,0,0.0,-1.5,0.4,11,2,1.0,False,5,5,1
2020-05-02 13:00:00,0,0.0,3.4,2.2,12,1,2.0,False,5,5,1
2020-05-02 14:00:00,0,0.0,2.5,3.4,13,3,1.0,False,5,5,3
2020-05-02 15:00:00,1,0.0,2.8,2.5,14,7,3.0,False,5,5,2
2020-05-02 16:00:00,1,0.0,2.9,2.8,15,6,7.0,False,5,5,1
2020-05-02 17:00:00,1,0.0,2.5,0.7,16,0,6.0,False,5,5,0
2020-05-02 18:00:00,0,0.0,1.5,1.9,17,3,0.0,False,5,5,0
2020-05-02 19:00:00,0,0.0,2.0,2.7,18,6,3.0,False,5,5,0
2020-05-02 20:00:00,0,0.0,1.4,1.9,19,1,6.0,False,5,5,0
2020-05-02 21:00:00,0,0.0,0.7,1.2,20,0,1.0,False,5,5,0
2020-05-02 22:00:00,0,0.0,2.2,2.7,21,4,0.0,False,5,5,0
2020-05-02 23:00:00,0,0.0,1.4,1.8,22,1,4.0,False,5,5,0
2020-05-02 00:00:00,0,0.0,0.2,2.1,23,0,1.0,False,5,5,0
2020-05-03 01:00:00,0,0.0,-0.3,0.5,0,0,,False,6,5,0
2020-05-03 02:00:00,0,0.0,-1.1,0.6,1,0,0.0,False,6,5,0
2020-05-03 03:00:00,0,0.0,-1.5,0.7,2,0,0.0,False,6,5,0
2020-05-03 04:00:00,0,0.0,-1.6,1.0,3,0,0.0,False,6,5,0
2020-05-03 05:00:00,0,0.0,-1.5,1.2,4,0,0.0,False,6,5,0
2020-05-03 06:00:00,0,0.0,-2.0,0.2,5,0,0.0,False,6,5,0
2020-05-03 07:00:00,0,0.0,-2.6,1.8,6,0,0.0,False,6,5,0
2020-05-03 08:00:00,0,0.0,-1.7,1.3,7,1,0.0,False,6,5,0
2020-05-03 09:00:00,0,0.0,-2.2,2.2,8,2,1.0,False,6,5,0
2020-05-03 10:00:00,0,0.0,-1.8,0.8,9,3,2.0,False,6,5,0
2020-05-03 11:00:00,0,0.0,-1.2,1.0,10,2,3.0,False,6,5,0
2020-05-03 12:00:00,0,0.0,-0.1,0.7,11,3,2.0,False,6,5,0
2020-05-03 13:00:00,1,0.0,3.4,0.7,12,1,3.0,False,6,5,2
2020-05-03 14:00:00,1,0.0,3.0,1.5,13,2,1.0,False,6,5,0
2020-05-03 15:00:00,0,0.0,3.2,2.2,14,0,2.0,False,6,5,1
2020-05-03 16:00:00,1,0.0,4.0,2.1,15,2,0.0,False,6,5,0
2020-05-03 17:00:00,1,0.0,4.1,1.6,16,0,2.0,False,6,5,0
2020-05-03 18:00:00,1,0.0,3.0,1.3,17,0,0.0,False,6,5,4
2020-05-03 19:00:00,1,0.0,2.0,1.3,18,0,0.0,False,6,5,0
2020-05-03 20:00:00,1,0.0,0.1,2.1,19,1,0.0,False,6,5,0
2020-05-03 21:00:00,1,0.0,-0.3,0.9,20,1,1.0,False,6,5,2
2020-05-03 22:00:00,1,0.0,-0.4,0.7,21,2,1.0,False,6,5,1
2020-05-03 23:00:00,1,0.0,-0.1,0.7,22,0,2.0,False,6,5,0
2020-05-03 00:00:00,1,0.0,0.0,1.8,23,0,0.0,False,6,5,0
2020-05-04 01:00:00,1,0.0,3.2,2.5,0,0,,False,0,5,0
2020-05-04 02:00:00,1,0.0,3.0,2.3,1,0,0.0,False,0,5,0
2020-05-04 03:00:00,1,0.0,3.1,1.8,2,0,0.0,False,0,5,0
2020-05-04 04:00:00,1,0.1,2.9,2.1,3,0,0.0,False,0,5,0
2020-05-04 05:00:00,1,0.0,3.0,2.2,4,0,0.0,False,0,5,0
2020-05-04 06:00:00,1,0.0,3.1,1.6,5,5,0.0,False,0,5,0
2020-05-04 07:00:00,1,0.0,3.2,2.5,6,4,5.0,False,0,5,2
2020-05-04 08:00:00,1,0.2,3.4,1.6,7,2,4.0,False,0,5,2
2020-05-04 09:00:00,1,0.9,3.7,1.3,8,1,2.0,False,0,5,0
2020-05-04 10:00:00,1,0.7,4.1,0.7,9,1,1.0,False,0,5,2
2020-05-04 11:00:00,1,0.0,4.2,2.1,10,1,1.0,False,0,5,1
2020-05-04 12:00:00,0,0.0,4.7,2.1,11,0,1.0,False,0,5,1
2020-05-04 13:00:00,0,0.0,5.6,2.4,12,2,0.0,False,0,5,0
2020-05-04 14:00:00,1,0.0,6.2,3.2,13,6,2.0,False,0,5,0
2020-05-04 15:00:00,1,0.0,6.8,2.4,14,3,6.0,False,0,5,2
2020-05-04 16:00:00,1,0.0,7.7,2.1,15,1,3.0,False,0,5,1
2020-05-04 17:00:00,0,0.0,8.3,2.2,16,4,1.0,False,0,5,1
2020-05-04 18:00:00,0,0.0,8.2,1.7,17,5,4.0,False,0,5,2
2020-05-04 19:00:00,1,0.0,7.6,0.3,18,3,5.0,False,0,5,3
2020-05-04 20:00:00,1,0.0,7.1,3.7,19,1,3.0,False,0,5,1
2020-05-04 21:00:00,1,0.0,5.4,1.7,20,4,1.0,False,0,5,0
2020-05-04 22:00:00,0,0.0,5.5,2.2,21,1,4.0,False,0,5,0
2020-05-04 23:00:00,1,0.0,4.5,1.0,22,0,1.0,False,0,5,0
2020-05-04 00:00:00,1,0.0,3.2,0.8,23,0,0.0,False,0,5,0
2020-05-05 01:00:00,1,0.0,4.8,5.7,0,0,,False,1,5,0
2020-05-05 02:00:00,1,0.0,5.0,6.0,1,0,0.0,False,1,5,0
2020-05-05 03:00:00,1,0.0,4.2,5.4,2,0,0.0,False,1,5,0
2020-05-05 04:00:00,1,0.0,3.8,3.9,3,0,0.0,False,1,5,0
2020-05-05 05:00:00,1,0.0,3.3,2.9,4,1,0.0,False,1,5,0
2020-05-05 06:00:00,1,0.0,3.7,3.9,5,0,1.0,False,1,5,1
2020-05-05 07:00:00,1,0.0,5.3,4.0,6,0,0.0,False,1,5,2
2020-05-05 08:00:00,1,0.0,7.1,3.4,7,0,0.0,False,1,5,0
2020-05-05 09:00:00,0,0.0,7.6,3.5,8,6,0.0,False,1,5,0
2020-05-05 10:00:00,0,0.0,9.5,0.7,9,3,6.0,False,1,5,0
2020-05-05 11:00:00,0,0.0,10.1,3.1,10,3,3.0,False,1,5,0
2020-05-05 12:00:00,1,0.0,11.1,2.6,11,2,3.0,False,1,5,2
2020-05-05 13:00:00,1,0.0,11.6,3.3,12,0,2.0,False,1,5,0
2020-05-05 14:00:00,0,0.0,12.1,3.5,13,1,0.0,False,1,5,0
2020-05-05 15:00:00,0,0.0,12.5,4.0,14,1,1.0,False,1,5,2
2020-05-05 16:00:00,1,0.0,13.1,4.0,15,2,1.0,False,1,5,0
2020-05-05 17:00:00,0,0.0,13.6,3.4,16,3,2.0,False,1,5,1
2020-05-05 18:00:00,0,0.0,13.2,2.3,17,7,3.0,False,1,5,1
2020-05-05 19:00:00,1,0.0,13.7,3.7,18,1,7.0,False,1,5,2
2020-05-05 20:00:00,1,0.0,11.5,2.9,19,1,1.0,False,1,5,2
2020-05-05 21:00:00,1,0.0,10.1,2.7,20,2,1.0,False,1,5,0
2020-05-05 22:00:00,0,0.0,8.7,1.8,21,0,2.0,False,1,5,0
2020-05-05 23:00:00,1,0.0,7.3,1.2,22,0,0.0,False,1,5,1
2020-05-05 00:00:00,1,0.0,6.8,1.8,23,0,0.0,False,1,5,0
2020-05-06 01:00:00,1,0.0,15.7,3.3,0,0,,False,2,5,0
2020-05-06 02:00:00,0,0.0,15.1,3.0,1,0,0.0,False,2,5,0
2020-05-06 03:00:00,0,0.0,14.5,3.2,2,0,0.0,False,2,5,0
2020-05-06 04:00:00,0,0.0,13.9,4.3,3,0,0.0,False,2,5,0
2020-05-06 05:00:00,0,0.0,13.5,5.0,4,0,0.0,False,2,5,0
2020-05-06 06:00:00,0,0.0,13.6,4.7,5,1,0.0,False,2,5,0
2020-05-06 07:00:00,0,0.0,14.5,3.7,6,0,1.0,False,2,5,1
2020-05-06 08:00:00,0,0.0,14.8,5.2,7,1,0.0,False,2,5,0
2020-05-06 09:00:00,0,0.0,14.7,5.9,8,1,1.0,False,2,5,0
2020-05-06 10:00:00,0,0.0,14.8,5.4,9,3,1.0,False,2,5,0
2020-05-06 11:00:00,0,0.0,15.0,5.0,10,2,3.0,False,2,5,2
2020-05-06 12:00:00,0,0.0,15.5,6.5,11,3,2.0,False,2,5,0
2020-05-06 13:00:00,0,0.0,15.7,4.4,12,1,3.0,False,2,5,0
2020-05-06 14:00:00,0,0.2,14.9,4.7,13,1,1.0,False,2,5,0
2020-05-06 15:00:00,0,0.9,13.8,4.4,14,1,1.0,False,2,5,0
2020-05-06 16:00:00,0,0.4,13.2,5.1,15,0,1.0,False,2,5,1
2020-05-06 17:00:00,0,0.2,12.6,4.8,16,5,0.0,False,2,5,0
2020-05-06 18:00:00,0,0.7,12.2,6.8,17,2,5.0,False,2,5,0
2020-05-06 19:00:00,0,0.3,12.2,4.9,18,5,2.0,False,2,5,1
2020-05-06 20:00:00,1,3.4,10.2,2.4,19,2,5.0,False,2,5,0
2020-05-06 21:00:00,0,0.7,9.8,1.7,20,0,2.0,False,2,5,0
2020-05-06 22:00:00,1,1.1,9.5,3.2,21,1,0.0,False,2,5,2
2020-05-06 23:00:00,1,1.4,9.1,1.3,22,0,1.0,False,2,5,1
2020-05-06 00:00:00,1,0.5,9.0,1.2,23,0,0.0,False,2,5,0
2020-05-07 01:00:00,1,0.0,12.5,2.0,0,0,,False,3,5,0
2020-05-07 02:00:00,1,0.0,11.6,2.2,1,0,0.0,False,3,5,0
2020-05-07 03:00:00,1,0.0,11.0,2.4,2,0,0.0,False,3,5,0
2020-05-07 04:00:00,1,0.0,10.6,2.7,3,0,0.0,False,3,5,0
2020-05-07 05:00:00,1,0.0,11.2,2.5,4,0,0.0,False,3,5,0
2020-05-07 06:00:00,1,0.0,12.2,1.8,5,4,0.0,False,3,5,0
2020-05-07 07:00:00,1,0.0,12.9,1.3,6,1,4.0,False,3,5,4
2020-05-07 08:00:00,1,0.0,12.5,2.9,7,1,1.0,False,3,5,0
2020-05-07 09:00:00,0,0.3,12.6,2.2,8,1,1.0,False,3,5,0
2020-05-07 10:00:00,0,2.3,12.9,2.2,9,5,1.0,False,3,5,0
2020-05-07 11:00:00,0,2.5,13.2,3.2,10,3,5.0,False,3,5,0
2020-05-07 12:00:00,0,4.9,12.8,3.7,11,2,3.0,False,3,5,1
2020-05-07 13:00:00,0,9.2,12.8,4.3,12,0,2.0,False,3,5,0
2020-05-07 14:00:00,0,3.5,13.9,3.0,13,2,0.0,False,3,5,1
2020-05-07 15:00:00,1,2.5,14.3,1.8,14,2,2.0,False,3,5,0
2020-05-07 16:00:00,0,2.7,15.8,2.0,15,1,2.0,False,3,5,0
2020-05-07 17:00:00,0,5.6,15.7,4.6,16,1,1.0,False,3,5,0
2020-05-07 18:00:00,0,10.9,16.0,5.2,17,3,1.0,False,3,5,2
2020-05-07 19:00:00,1,0.0,16.3,6.0,18,1,3.0,False,3,5,5
2020-05-07 20:00:00,1,0.0,15.9,6.4,19,2,1.0,False,3,5,1
2020-05-07 21:00:00,1,0.0,16.1,6.2,20,1,2.0,False,3,5,1
2020-05-07 22:00:00,1,0.0,14.9,5.5,21,1,1.0,False,3,5,0
2020-05-07 23:00:00,0,0.0,14.7,6.4,22,1,1.0,False,3,5,0
2020-05-07 00:00:00,1,0.0,14.2,5.7,23,0,1.0,False,3,5,0
2020-05-08 01:00:00,1,0.0,13.9,2.2,0,0,,False,4,5,0
2020-05-08 02:00:00,1,0.0,13.8,1.3,1,0,0.0,False,4,5,0
2020-05-08 03:00:00,1,0.0,13.9,1.6,2,0,0.0,False,4,5,0
2020-05-08 04:00:00,1,0.0,13.5,1.7,3,1,0.0,False,4,5,0
2020-05-08 05:00:00,1,0.0,13.5,2.8,4,0,1.0,False,4,5,0
2020-05-08 06:00:00,1,0.0,13.5,3.1,5,2,0.0,False,4,5,0
2020-05-08 07:00:00,1,0.8,12.5,2.6,6,0,2.0,False,4,5,4
2020-05-08 08:00:00,1,0.8,12.6,1.5,7,0,0.0,False,4,5,1
2020-05-08 09:00:00,0,2.1,12.8,4.3,8,0,0.0,False,4,5,0
2020-05-08 10:00:00,0,1.4,13.1,3.9,9,1,0.0,False,4,5,0
2020-05-08 11:00:00,0,0.2,13.3,4.3,10,0,1.0,False,4,5,1
2020-05-08 12:00:00,1,1.2,13.3,3.4,11,2,0.0,False,4,5,2
2020-05-08 13:00:00,1,2.2,13.4,3.0,12,1,2.0,False,4,5,1
2020-05-08 14:00:00,1,2.0,13.9,2.6,13,11,1.0,False,4,5,0
2020-05-08 15:00:00,0,0.2,14.7,4.1,14,5,11.0,False,4,5,1
2020-05-08 16:00:00,0,0.1,15.2,4.5,15,3,5.0,False,4,5,2
2020-05-08 17:00:00,1,0.0,15.3,3.6,16,2,3.0,False,4,5,1
2020-05-08 18:00:00,0,0.0,15.6,3.0,17,2,2.0,False,4,5,0
2020-05-08 19:00:00,0,0.2,15.9,3.9,18,7,2.0,False,4,5,0
2020-05-08 20:00:00,0,0.0,16.1,3.9,19,3,7.0,False,4,5,2
2020-05-08 21:00:00,0,0.0,16.2,2.6,20,0,3.0,False,4,5,0
2020-05-08 22:00:00,0,0.0,16.2,3.6,21,0,0.0,False,4,5,0
2020-05-08 23:00:00,1,0.0,16.1,2.7,22,0,0.0,False,4,5,1
2020-05-08 00:00:00,1,0.0,16.1,3.1,23,0,0.0,False,4,5,0
2020-05-09 01:00:00,1,0.0,12.6,2.5,0,0,,False,5,5,0
2020-05-09 02:00:00,1,0.0,11.8,3.1,1,0,0.0,False,5,5,0
2020-05-09 03:00:00,1,0.0,11.5,3.6,2,0,0.0,False,5,5,0
2020-05-09 04:00:00,1,0.0,10.7,3.2,3,0,0.0,False,5,5,0
2020-05-09 05:00:00,1,0.0,9.3,2.0,4,0,0.0,False,5,5,0
2020-05-09 06:00:00,1,0.0,8.1,2.1,5,1,0.0,False,5,5,0
2020-05-09 07:00:00,1,0.0,8.7,1.8,6,1,1.0,False,5,5,0
2020-05-09 08:00:00,1,0.0,11.3,2.2,7,0,1.0,False,5,5,0
2020-05-09 09:00:00,1,0.0,12.6,1.9,8,4,0.0,False,5,5,0
2020-05-09 10:00:00,1,0.0,13.7,2.5,9,3,4.0,False,5,5,3
2020-05-09 11:00:00,1,0.0,15.5,2.1,10,0,3.0,False,5,5,0
2020-05-09 12:00:00,0,0.0,16.1,3.4,11,0,0.0,False,5,5,2
2020-05-09 13:00:00,1,0.0,16.7,3.3,12,0,0.0,False,5,5,1
2020-05-09 14:00:00,0,0.0,16.8,4.3,13,0,0.0,False,5,5,1
2020-05-09 15:00:00,0,0.0,18.1,3.2,14,0,0.0,False,5,5,0
2020-05-09 16:00:00,1,0.0,17.7,4.4,15,1,0.0,False,5,5,0
2020-05-09 17:00:00,0,0.0,16.3,5.1,16,0,1.0,False,5,5,1
2020-05-09 18:00:00,1,0.5,14.4,0.7,17,2,0.0,False,5,5,1
2020-05-09 19:00:00,0,1.1,12.4,1.1,18,1,2.0,False,5,5,0
2020-05-09 20:00:00,0,0.0,11.6,0.1,19,2,1.0,False,5,5,0
2020-05-09 21:00:00,1,0.0,10.4,2.3,20,1,2.0,False,5,5,0
2020-05-09 22:00:00,1,0.0,9.5,1.6,21,0,1.0,False,5,5,0
2020-05-09 23:00:00,1,0.0,9.1,2.1,22,0,0.0,False,5,5,2
2020-05-09 00:00:00,1,0.0,9.1,1.0,23,0,0.0,False,5,5,0
2020-05-10 01:00:00,1,2.2,12.5,3.3,0,0,,False,6,5,0
2020-05-10 02:00:00,1,1.7,12.2,2.3,1,0,0.0,False,6,5,0
2020-05-10 03:00:00,1,0.3,11.9,1.7,2,0,0.0,False,6,5,0
2020-05-10 04:00:00,1,0.0,12.2,2.7,3,0,0.0,False,6,5,0
2020-05-10 05:00:00,1,0.0,12.1,1.5,4,0,0.0,False,6,5,0
2020-05-10 06:00:00,1,0.0,12.2,1.6,5,0,0.0,False,6,5,0
2020-05-10 07:00:00,1,0.0,12.2,1.8,6,0,0.0,False,6,5,1
2020-05-10 08:00:00,1,0.0,12.3,2.0,7,0,0.0,False,6,5,0
2020-05-10 09:00:00,0,0.0,12.3,3.0,8,0,0.0,False,6,5,0
2020-05-10 10:00:00,0,0.0,12.9,1.7,9,1,0.0,False,6,5,0
2020-05-10 11:00:00,0,0.0,13.3,3.6,10,1,1.0,False,6,5,0
2020-05-10 12:00:00,0,0.0,13.2,2.1,11,0,1.0,False,6,5,0
2020-05-10 13:00:00,0,0.0,15.3,2.0,12,4,0.0,False,6,5,0
2020-05-10 14:00:00,0,0.0,15.4,3.4,13,2,4.0,False,6,5,1
2020-05-10 15:00:00,1,0.0,15.1,2.6,14,1,2.0,False,6,5,0
2020-05-10 16:00:00,1,0.0,14.3,0.7,15,1,1.0,False,6,5,2
2020-05-10 17:00:00,1,0.0,14.1,0.5,16,1,1.0,False,6,5,5
2020-05-10 18:00:00,1,0.0,13.5,2.2,17,1,1.0,False,6,5,1
2020-05-10 19:00:00,1,0.0,11.9,2.2,18,1,1.0,False,6,5,0
2020-05-10 20:00:00,0,0.0,11.6,2.9,19,0,1.0,False,6,5,0
2020-05-10 21:00:00,0,0.0,11.9,3.1,20,1,0.0,False,6,5,0
2020-05-10 22:00:00,0,0.0,11.3,2.9,21,1,1.0,False,6,5,0
2020-05-10 23:00:00,0,0.0,10.9,4.0,22,0,1.0,False,6,5,0
2020-05-10 00:00:00,1,0.0,10.7,4.5,23,0,0.0,False,6,5,0
2020-05-11 01:00:00,1,0.0,6.9,4.2,0,0,,False,0,5,0
2020-05-11 02:00:00,1,0.0,7.5,4.8,1,0,0.0,False,0,5,0
2020-05-11 03:00:00,1,0.0,7.4,4.6,2,0,0.0,False,0,5,0
2020-05-11 04:00:00,1,0.0,7.2,3.1,3,0,0.0,False,0,5,0
2020-05-11 05:00:00,1,0.0,7.6,4.5,4,0,0.0,False,0,5,0
2020-05-11 06:00:00,1,0.0,7.2,3.3,5,5,0.0,False,0,5,0
2020-05-11 07:00:00,1,0.0,6.9,2.7,6,0,5.0,False,0,5,2
2020-05-11 08:00:00,1,0.0,7.5,5.0,7,0,0.0,False,0,5,0
2020-05-11 09:00:00,0,0.0,7.8,4.7,8,0,0.0,False,0,5,0
2020-05-11 10:00:00,0,0.0,7.6,1.1,9,0,0.0,False,0,5,0
2020-05-11 11:00:00,0,0.0,9.3,2.5,10,4,0.0,False,0,5,0
2020-05-11 12:00:00,0,0.0,11.6,4.4,11,4,4.0,False,0,5,0
2020-05-11 13:00:00,0,0.0,11.9,3.5,12,2,4.0,False,0,5,0
2020-05-11 14:00:00,0,0.0,12.4,4.2,13,7,2.0,False,0,5,0
2020-05-11 15:00:00,0,0.0,12.4,2.2,14,4,7.0,False,0,5,2
2020-05-11 16:00:00,0,0.0,13.3,3.7,15,6,4.0,False,0,5,2
2020-05-11 17:00:00,0,0.0,11.4,1.3,16,3,6.0,False,0,5,0
2020-05-11 18:00:00,0,0.0,12.3,2.3,17,3,3.0,False,0,5,2
2020-05-11 19:00:00,0,0.0,10.4,2.1,18,2,3.0,False,0,5,1
2020-05-11 20:00:00,0,0.0,9.7,2.7,19,1,2.0,False,0,5,1
2020-05-11 21:00:00,0,0.0,9.5,0.8,20,0,1.0,False,0,5,0
2020-05-11 22:00:00,0,0.0,8.6,1.9,21,0,0.0,False,0,5,0
2020-05-11 23:00:00,0,0.0,13.1,5.8,22,1,0.0,False,0,5,1
2020-05-11 00:00:00,0,0.0,14.8,3.3,23,0,1.0,False,0,5,0
2020-05-12 01:00:00,0,0.0,1.9,4.9,0,0,,False,1,5,0
2020-05-12 02:00:00,0,0.0,2.0,3.1,1,0,0.0,False,1,5,0
2020-05-12 03:00:00,0,0.0,2.0,4.2,2,0,0.0,False,1,5,0
2020-05-12 04:00:00,0,0.0,2.0,4.7,3,0,0.0,False,1,5,0
2020-05-12 05:00:00,0,0.0,2.0,3.6,4,0,0.0,False,1,5,0
2020-05-12 06:00:00,0,0.1,1.8,3.2,5,0,0.0,False,1,5,0
2020-05-12 07:00:00,0,0.0,2.0,2.6,6,5,0.0,False,1,5,2
2020-05-12 08:00:00,0,0.0,2.0,3.1,7,5,5.0,False,1,5,0
2020-05-12 09:00:00,0,0.0,2.0,1.4,8,3,5.0,False,1,5,1
2020-05-12 10:00:00,0,0.0,2.0,2.8,9,1,3.0,False,1,5,0
2020-05-12 11:00:00,0,0.0,2.4,4.2,10,4,1.0,False,1,5,0
2020-05-12 12:00:00,1,0.0,2.3,3.9,11,1,4.0,False,1,5,0
2020-05-12 13:00:00,1,0.0,2.3,2.1,12,4,1.0,False,1,5,1
2020-05-12 14:00:00,1,0.0,2.4,2.0,13,6,4.0,False,1,5,0
2020-05-12 15:00:00,1,0.0,2.5,5.4,14,3,6.0,False,1,5,0
2020-05-12 16:00:00,1,0.0,2.1,3.7,15,3,3.0,False,1,5,2
2020-05-12 17:00:00,1,0.0,2.4,5.1,16,3,3.0,False,1,5,1
2020-05-12 18:00:00,1,0.0,2.9,4.6,17,2,3.0,False,1,5,3
2020-05-12 19:00:00,1,0.0,2.6,5.3,18,2,2.0,False,1,5,1
2020-05-12 20:00:00,1,0.2,2.5,5.6,19,3,2.0,False,1,5,0
2020-05-12 21:00:00,0,0.0,2.6,7.9,20,2,3.0,False,1,5,3
2020-05-12 22:00:00,1,0.0,3.0,5.7,21,0,2.0,False,1,5,0
2020-05-12 23:00:00,0,0.1,2.9,6.3,22,0,0.0,False,1,5,1
2020-05-12 00:00:00,1,0.1,2.8,4.7,23,0,0.0,False,1,5,0
2020-05-13 01:00:00,1,0.0,1.8,1.6,0,0,,False,2,5,0
2020-05-13 02:00:00,1,0.0,0.6,0.9,1,0,0.0,False,2,5,0
2020-05-13 03:00:00,1,0.0,-1.0,0.7,2,0,0.0,False,2,5,0
2020-05-13 04:00:00,1,0.0,-1.0,0.7,3,0,0.0,False,2,5,0
2020-05-13 05:00:00,1,0.0,-1.5,0.8,4,1,0.0,False,2,5,0
2020-05-13 06:00:00,1,0.0,-0.6,1.4,5,7,1.0,False,2,5,1
2020-05-13 07:00:00,1,0.0,3.4,2.5,6,3,7.0,False,2,5,2
2020-05-13 08:00:00,1,0.0,5.5,3.2,7,2,3.0,False,2,5,2
2020-05-13 09:00:00,1,0.0,6.3,4.0,8,0,2.0,False,2,5,0
2020-05-13 10:00:00,0,0.0,6.9,4.4,9,0,0.0,False,2,5,0
2020-05-13 11:00:00,0,0.0,9.4,1.6,10,0,0.0,False,2,5,1
2020-05-13 12:00:00,0,0.0,8.9,1.6,11,5,0.0,False,2,5,0
2020-05-13 13:00:00,0,0.0,9.6,1.7,12,2,5.0,False,2,5,0
2020-05-13 14:00:00,0,0.0,9.7,1.8,13,11,2.0,False,2,5,0
2020-05-13 15:00:00,0,0.0,10.6,3.0,14,2,11.0,False,2,5,0
2020-05-13 16:00:00,0,0.0,9.2,3.5,15,3,2.0,False,2,5,1
2020-05-13 17:00:00,0,0.0,9.7,4.2,16,3,3.0,False,2,5,3
2020-05-13 18:00:00,1,0.0,9.9,2.6,17,3,3.0,False,2,5,3
2020-05-13 19:00:00,1,0.0,9.3,3.7,18,2,3.0,False,2,5,1
2020-05-13 20:00:00,0,0.0,8.2,3.4,19,3,2.0,False,2,5,0
2020-05-13 21:00:00,1,0.0,7.4,2.7,20,0,3.0,False,2,5,0
2020-05-13 22:00:00,1,0.0,5.9,1.8,21,0,0.0,False,2,5,0
2020-05-13 23:00:00,1,0.0,4.0,2.2,22,0,0.0,False,2,5,0
2020-05-13 00:00:00,1,0.0,3.2,0.7,23,0,0.0,False,2,5,0
2020-05-14 01:00:00,1,0.0,2.5,0.5,0,0,,False,3,5,0
2020-05-14 02:00:00,1,0.0,3.3,4.2,1,0,0.0,False,3,5,0
2020-05-14 03:00:00,1,0.0,2.5,1.2,2,0,0.0,False,3,5,0
2020-05-14 04:00:00,1,0.0,1.0,0.6,3,0,0.0,False,3,5,0
2020-05-14 05:00:00,1,0.0,0.5,0.6,4,0,0.0,False,3,5,0
2020-05-14 06:00:00,1,0.0,0.5,2.0,5,2,0.0,False,3,5,0
2020-05-14 07:00:00,1,0.0,3.4,2.0,6,1,2.0,False,3,5,2
2020-05-14 08:00:00,1,0.0,5.3,1.6,7,2,1.0,False,3,5,2
2020-05-14 09:00:00,1,0.0,6.4,2.3,8,2,2.0,False,3,5,4
2020-05-14 10:00:00,1,0.0,7.7,1.8,9,5,2.0,False,3,5,1
2020-05-14 11:00:00,1,0.0,9.5,2.9,10,3,5.0,False,3,5,1
2020-05-14 12:00:00,1,0.0,9.6,4.2,11,0,3.0,False,3,5,0
2020-05-14 13:00:00,0,0.0,11.1,4.8,12,3,0.0,False,3,5,0
2020-05-14 14:00:00,1,0.0,10.1,3.8,13,8,3.0,False,3,5,1
2020-05-14 15:00:00,1,0.0,10.2,4.6,14,2,8.0,False,3,5,1
2020-05-14 16:00:00,1,0.0,9.4,7.7,15,4,2.0,False,3,5,1
2020-05-14 17:00:00,0,0.0,10.6,5.1,16,5,4.0,False,3,5,0
2020-05-14 18:00:00,0,0.0,9.3,3.3,17,0,5.0,False,3,5,2
2020-05-14 19:00:00,1,0.0,11.2,2.8,18,0,0.0,False,3,5,1
2020-05-14 20:00:00,0,0.0,10.2,3.5,19,1,0.0,False,3,5,0
2020-05-14 21:00:00,0,0.0,8.2,2.7,20,0,1.0,False,3,5,0
2020-05-14 22:00:00,0,0.0,5.9,0.7,21,0,0.0,False,3,5,1
2020-05-14 23:00:00,0,0.0,4.1,2.0,22,0,0.0,False,3,5,1
2020-05-14 00:00:00,0,0.0,2.9,1.4,23,0,0.0,False,3,5,0
2020-05-15 01:00:00,1,0.0,2.5,0.8,0,0,,False,4,5,0
2020-05-15 02:00:00,1,0.0,3.0,1.4,1,0,0.0,False,4,5,0
2020-05-15 03:00:00,1,0.0,2.5,0.8,2,0,0.0,False,4,5,0
2020-05-15 04:00:00,1,0.0,2.4,0.3,3,0,0.0,False,4,5,0
2020-05-15 05:00:00,1,0.0,2.6,1.3,4,0,0.0,False,4,5,0
2020-05-15 06:00:00,1,0.0,3.1,0.5,5,2,0.0,False,4,5,0
2020-05-15 07:00:00,1,0.0,5.8,0.8,6,0,2.0,False,4,5,2
2020-05-15 08:00:00,1,0.0,6.8,1.3,7,0,0.0,False,4,5,2
2020-05-15 09:00:00,1,0.0,7.7,2.7,8,0,0.0,False,4,5,0
2020-05-15 10:00:00,0,0.0,9.5,3.3,9,0,0.0,False,4,5,0
2020-05-15 11:00:00,0,0.0,9.5,3.1,10,2,0.0,False,4,5,0
2020-05-15 12:00:00,0,0.0,9.8,1.9,11,1,2.0,False,4,5,0
2020-05-15 13:00:00,0,0.0,10.4,3.7,12,0,1.0,False,4,5,0
2020-05-15 14:00:00,0,0.0,10.1,3.8,13,2,0.0,False,4,5,1
2020-05-15 15:00:00,1,0.0,10.2,4.6,14,2,2.0,False,4,5,1
2020-05-15 16:00:00,0,0.0,10.7,4.2,15,0,2.0,False,4,5,0
2020-05-15 17:00:00,0,0.0,12.3,4.9,16,3,0.0,False,4,5,1
2020-05-15 18:00:00,1,0.0,12.3,4.4,17,0,3.0,False,4,5,4
2020-05-15 19:00:00,0,0.0,10.9,5.2,18,1,0.0,False,4,5,0
2020-05-15 20:00:00,0,0.0,9.4,7.2,19,1,1.0,False,4,5,0
2020-05-15 21:00:00,0,0.0,7.9,5.6,20,0,1.0,False,4,5,1
2020-05-15 22:00:00,1,0.0,6.2,4.8,21,1,0.0,False,4,5,0
2020-05-15 23:00:00,1,0.0,5.4,4.4,22,0,1.0,False,4,5,0
2020-05-15 00:00:00,1,0.0,4.5,3.6,23,0,0.0,False,4,5,0
2020-05-16 01:00:00,1,0.0,4.1,4.1,0,0,,False,5,5,0
2020-05-16 02:00:00,1,0.0,3.2,2.8,1,0,0.0,False,5,5,0
2020-05-16 03:00:00,1,0.0,2.6,2.5,2,0,0.0,False,5,5,0
2020-05-16 04:00:00,1,0.0,2.3,0.5,3,0,0.0,False,5,5,0
2020-05-16 05:00:00,1,0.0,1.3,2.9,4,0,0.0,False,5,5,1
2020-05-16 06:00:00,1,0.0,2.7,3.4,5,1,0.0,False,5,5,0
2020-05-16 07:00:00,1,0.0,4.9,2.3,6,0,1.0,False,5,5,1
2020-05-16 08:00:00,1,0.0,6.2,5.3,7,1,0.0,False,5,5,0
2020-05-16 09:00:00,0,0.0,6.0,4.5,8,1,1.0,False,5,5,0
2020-05-16 10:00:00,0,0.0,6.5,4.9,9,1,1.0,False,5,5,0
2020-05-16 11:00:00,0,0.0,7.4,4.5,10,1,1.0,False,5,5,1
2020-05-16 12:00:00,1,0.0,8.1,4.2,11,0,1.0,False,5,5,0
2020-05-16 13:00:00,0,0.0,8.8,4.0,12,3,0.0,False,5,5,0
2020-05-16 14:00:00,0,0.0,8.8,5.4,13,5,3.0,False,5,5,1
2020-05-16 15:00:00,0,0.0,8.9,6.1,14,2,5.0,False,5,5,0
2020-05-16 16:00:00,0,0.0,9.6,4.6,15,2,2.0,False,5,5,0
2020-05-16 17:00:00,0,0.0,9.5,5.6,16,1,2.0,False,5,5,0
2020-05-16 18:00:00,0,0.0,9.5,5.2,17,0,1.0,False,5,5,0
2020-05-16 19:00:00,0,0.0,9.5,5.2,18,0,0.0,False,5,5,1
2020-05-16 20:00:00,1,0.0,8.5,5.2,19,2,0.0,False,5,5,1
2020-05-16 21:00:00,1,0.0,8.1,4.0,20,1,2.0,False,5,5,0
2020-05-16 22:00:00,0,0.0,7.2,3.9,21,0,1.0,False,5,5,0
2020-05-16 23:00:00,0,0.0,6.7,4.0,22,0,0.0,False,5,5,0
2020-05-16 00:00:00,1,0.0,6.0,2.6,23,0,0.0,False,5,5,0
2020-05-17 01:00:00,1,0.0,6.0,3.0,0,0,,True,6,5,0
2020-05-17 02:00:00,1,0.0,5.9,3.7,1,0,0.0,True,6,5,0
2020-05-17 03:00:00,1,0.0,5.3,3.5,2,0,0.0,True,6,5,0
2020-05-17 04:00:00,1,0.0,4.8,2.8,3,0,0.0,True,6,5,0
2020-05-17 05:00:00,1,0.0,5.0,3.4,4,0,0.0,True,6,5,0
2020-05-17 06:00:00,1,0.0,4.9,3.0,5,1,0.0,True,6,5,0
2020-05-17 07:00:00,1,0.0,7.0,3.6,6,1,1.0,True,6,5,0
2020-05-17 08:00:00,1,0.0,8.8,2.9,7,1,1.0,True,6,5,0
2020-05-17 09:00:00,1,0.0,9.2,4.5,8,4,1.0,True,6,5,1
2020-05-17 10:00:00,1,0.0,10.6,3.3,9,2,4.0,True,6,5,2
2020-05-17 11:00:00,1,0.0,11.7,5.2,10,3,2.0,True,6,5,0
2020-05-17 12:00:00,0,0.0,12.9,4.3,11,1,3.0,True,6,5,0
2020-05-17 13:00:00,0,0.0,11.7,5.0,12,4,1.0,True,6,5,0
2020-05-17 14:00:00,0,0.0,12.6,6.2,13,2,4.0,True,6,5,0
2020-05-17 15:00:00,0,0.0,10.9,5.1,14,3,2.0,True,6,5,0
2020-05-17 16:00:00,0,0.1,11.2,2.8,15,2,3.0,True,6,5,0
2020-05-17 17:00:00,0,0.1,13.5,2.1,16,4,2.0,True,6,5,0
2020-05-17 18:00:00,0,0.3,9.9,3.7,17,4,4.0,True,6,5,0
2020-05-17 19:00:00,0,0.0,12.7,3.1,18,0,4.0,True,6,5,0
2020-05-17 20:00:00,0,0.0,11.4,3.9,19,2,0.0,True,6,5,0
2020-05-17 21:00:00,0,0.0,10.3,2.9,20,3,2.0,True,6,5,0
2020-05-17 22:00:00,0,0.0,7.7,2.3,21,0,3.0,True,6,5,0
2020-05-17 23:00:00,0,0.0,7.3,3.8,22,0,0.0,True,6,5,0
2020-05-17 00:00:00,0,0.0,7.1,4.8,23,0,0.0,True,6,5,0
2020-05-18 01:00:00,0,0.0,6.0,2.0,0,0,,False,0,5,0
2020-05-18 02:00:00,1,0.0,4.5,0.9,1,0,0.0,False,0,5,0
2020-05-18 03:00:00,1,0.0,3.5,1.4,2,0,0.0,False,0,5,0
2020-05-18 04:00:00,1,0.0,2.2,1.4,3,1,0.0,False,0,5,0
2020-05-18 05:00:00,1,0.0,1.4,1.3,4,1,1.0,False,0,5,0
2020-05-18 06:00:00,1,0.0,2.7,1.2,5,4,1.0,False,0,5,0
2020-05-18 07:00:00,1,0.0,6.8,0.6,6,1,4.0,False,0,5,4
2020-05-18 08:00:00,1,0.0,9.6,0.9,7,10,1.0,False,0,5,0
2020-05-18 09:00:00,1,0.0,10.4,3.7,8,2,10.0,False,0,5,0
2020-05-18 10:00:00,0,0.0,11.3,1.6,9,1,2.0,False,0,5,0
2020-05-18 11:00:00,0,0.0,11.6,1.1,10,1,1.0,False,0,5,0
2020-05-18 12:00:00,1,0.0,12.4,2.8,11,3,1.0,False,0,5,1
2020-05-18 13:00:00,1,0.0,13.7,3.2,12,4,3.0,False,0,5,2
2020-05-18 14:00:00,1,0.0,12.3,3.3,13,2,4.0,False,0,5,1
2020-05-18 15:00:00,1,0.0,12.5,1.8,14,2,2.0,False,0,5,0
2020-05-18 16:00:00,0,0.0,14.3,2.2,15,5,2.0,False,0,5,1
2020-05-18 17:00:00,1,0.0,14.3,3.4,16,1,5.0,False,0,5,1
2020-05-18 18:00:00,0,0.0,13.1,2.1,17,1,1.0,False,0,5,1
2020-05-18 19:00:00,1,0.0,12.5,4.5,18,2,1.0,False,0,5,3
2020-05-18 20:00:00,1,0.0,12.0,2.3,19,1,2.0,False,0,5,0
2020-05-18 21:00:00,0,0.0,11.1,2.1,20,0,1.0,False,0,5,0
2020-05-18 22:00:00,0,0.0,9.7,2.1,21,0,0.0,False,0,5,0
2020-05-18 23:00:00,0,0.0,8.8,2.2,22,1,0.0,False,0,5,1
2020-05-18 00:00:00,1,0.0,7.3,1.8,23,0,1.0,False,0,5,0
2020-05-19 01:00:00,1,0.0,5.4,0.9,0,0,,False,1,5,0
2020-05-19 02:00:00,1,0.0,4.4,2.1,1,0,0.0,False,1,5,0
2020-05-19 03:00:00,1,0.0,4.0,2.4,2,0,0.0,False,1,5,0
2020-05-19 04:00:00,1,0.0,3.8,2.8,3,0,0.0,False,1,5,0
2020-05-19 05:00:00,1,0.0,4.1,1.8,4,1,0.0,False,1,5,0
2020-05-19 06:00:00,1,0.0,6.0,5.8,5,1,1.0,False,1,5,0
2020-05-19 07:00:00,1,0.0,7.2,5.1,6,0,1.0,False,1,5,1
2020-05-19 08:00:00,1,0.0,7.8,6.3,7,0,0.0,False,1,5,2
2020-05-19 09:00:00,1,0.0,9.6,4.8,8,0,0.0,False,1,5,1
2020-05-19 10:00:00,1,0.0,10.3,4.6,9,3,0.0,False,1,5,0
2020-05-19 11:00:00,0,0.0,11.3,3.5,10,4,3.0,False,1,5,1
2020-05-19 12:00:00,1,0.0,11.5,3.7,11,6,4.0,False,1,5,0
2020-05-19 13:00:00,0,0.0,11.9,3.5,12,2,6.0,False,1,5,0
2020-05-19 14:00:00,0,0.0,14.9,2.0,13,4,2.0,False,1,5,0
2020-05-19 15:00:00,0,0.0,14.9,2.6,14,2,4.0,False,1,5,1
2020-05-19 16:00:00,0,0.0,15.9,2.3,15,0,2.0,False,1,5,2
2020-05-19 17:00:00,0,0.0,13.8,2.9,16,6,0.0,False,1,5,0
2020-05-19 18:00:00,0,0.0,13.4,3.6,17,7,6.0,False,1,5,4
2020-05-19 19:00:00,1,0.0,13.4,4.7,18,4,7.0,False,1,5,1
2020-05-19 20:00:00,1,0.0,12.7,5.2,19,3,4.0,False,1,5,1
2020-05-19 21:00:00,1,0.0,11.1,3.7,20,1,3.0,False,1,5,1
2020-05-19 22:00:00,0,0.0,9.1,1.7,21,0,1.0,False,1,5,0
2020-05-19 23:00:00,1,0.0,8.2,3.4,22,0,0.0,False,1,5,1
2020-05-19 00:00:00,1,0.0,7.5,3.9,23,0,0.0,False,1,5,0
2020-05-20 01:00:00,0,0.0,7.0,4.0,0,0,,False,2,5,0
2020-05-20 02:00:00,0,0.0,6.6,4.1,1,0,0.0,False,2,5,0
2020-05-20 03:00:00,0,0.0,6.1,4.3,2,0,0.0,False,2,5,0
2020-05-20 04:00:00,0,0.0,5.8,4.9,3,0,0.0,False,2,5,0
2020-05-20 05:00:00,0,0.0,5.3,4.0,4,0,0.0,False,2,5,0
2020-05-20 06:00:00,0,0.0,5.7,2.5,5,5,0.0,False,2,5,0
2020-05-20 07:00:00,0,0.0,7.5,3.3,6,1,5.0,False,2,5,1
2020-05-20 08:00:00,0,0.0,9.0,2.8,7,1,1.0,False,2,5,1
2020-05-20 09:00:00,0,0.0,10.1,1.9,8,2,1.0,False,2,5,1
2020-05-20 10:00:00,1,0.0,11.0,2.2,9,0,2.0,False,2,5,0
2020-05-20 11:00:00,0,0.0,12.2,1.5,10,0,0.0,False,2,5,0
2020-05-20 12:00:00,0,0.0,13.9,2.9,11,3,0.0,False,2,5,0
2020-05-20 13:00:00,0,0.0,14.1,2.5,12,0,3.0,False,2,5,1
2020-05-20 14:00:00,0,0.0,14.7,0.8,13,2,0.0,False,2,5,2
2020-05-20 15:00:00,0,0.0,15.2,2.4,14,2,2.0,False,2,5,2
2020-05-20 16:00:00,0,0.0,15.7,2.0,15,2,2.0,False,2,5,0
2020-05-20 17:00:00,0,0.0,15.8,2.4,16,2,2.0,False,2,5,5
2020-05-20 18:00:00,1,0.0,16.1,1.9,17,7,2.0,False,2,5,1
2020-05-20 19:00:00,0,0.0,15.5,3.8,18,1,7.0,False,2,5,0
2020-05-20 20:00:00,0,0.0,14.2,3.8,19,1,1.0,False,2,5,1
2020-05-20 21:00:00,1,0.0,12.2,2.6,20,0,1.0,False,2,5,0
2020-05-20 22:00:00,0,0.0,10.4,0.6,21,0,0.0,False,2,5,1
2020-05-20 23:00:00,1,0.0,8.5,1.0,22,2,0.0,False,2,5,0
2020-05-20 00:00:00,0,0.0,6.9,2.2,23,0,2.0,False,2,5,0
2020-05-21 01:00:00,0,0.0,6.0,2.0,0,0,,True,3,5,0
2020-05-21 02:00:00,1,0.0,5.0,1.8,1,0,0.0,True,3,5,0
2020-05-21 03:00:00,1,0.0,4.6,2.2,2,0,0.0,True,3,5,0
2020-05-21 04:00:00,1,0.0,4.2,2.0,3,0,0.0,True,3,5,0
2020-05-21 05:00:00,1,0.0,4.8,2.2,4,0,0.0,True,3,5,0
2020-05-21 06:00:00,1,0.0,6.2,2.0,5,0,0.0,True,3,5,1
2020-05-21 07:00:00,1,0.0,7.7,1.1,6,2,0.0,True,3,5,0
2020-05-21 08:00:00,0,0.0,9.4,0.4,7,0,2.0,True,3,5,0
2020-05-21 09:00:00,0,0.0,10.4,0.9,8,2,0.0,True,3,5,0
2020-05-21 10:00:00,0,0.0,11.5,1.2,9,7,2.0,True,3,5,0
2020-05-21 11:00:00,0,0.0,13.7,1.7,10,4,7.0,True,3,5,0
2020-05-21 12:00:00,0,0.0,14.8,2.5,11,6,4.0,True,3,5,0
2020-05-21 13:00:00,0,0.0,16.6,2.0,12,8,6.0,True,3,5,0
2020-05-21 14:00:00,0,0.0,17.2,2.9,13,3,8.0,True,3,5,0
2020-05-21 15:00:00,0,0.0,18.1,3.7,14,1,3.0,True,3,5,1
2020-05-21 16:00:00,1,0.0,16.6,4.9,15,3,1.0,True,3,5,0
2020-05-21 17:00:00,0,0.0,15.9,4.0,16,1,3.0,True,3,5,3
2020-05-21 18:00:00,1,0.0,15.9,4.1,17,1,1.0,True,3,5,0
2020-05-21 19:00:00,0,0.0,15.6,3.0,18,3,1.0,True,3,5,0
2020-05-21 20:00:00,0,0.0,14.4,3.2,19,0,3.0,True,3,5,1
2020-05-21 21:00:00,1,0.0,13.2,2.9,20,1,0.0,True,3,5,0
2020-05-21 22:00:00,0,0.0,12.2,2.4,21,0,1.0,True,3,5,1
2020-05-21 23:00:00,1,0.0,11.9,1.9,22,0,0.0,True,3,5,0
2020-05-21 00:00:00,0,0.0,11.6,1.0,23,0,0.0,True,3,5,0
2020-05-22 01:00:00,0,0.0,11.3,1.9,0,0,,False,4,5,0
2020-05-22 02:00:00,1,0.0,11.0,1.2,1,0,0.0,False,4,5,0
2020-05-22 03:00:00,1,0.0,10.9,1.8,2,0,0.0,False,4,5,0
2020-05-22 04:00:00,1,0.0,10.7,2.0,3,1,0.0,False,4,5,0
2020-05-22 05:00:00,1,0.0,10.5,0.4,4,0,1.0,False,4,5,0
2020-05-22 06:00:00,1,0.0,11.0,1.0,5,2,0.0,False,4,5,1
2020-05-22 07:00:00,1,0.0,11.1,1.5,6,0,2.0,False,4,5,1
2020-05-22 08:00:00,1,0.0,11.4,1.4,7,5,0.0,False,4,5,5
2020-05-22 09:00:00,1,0.0,12.1,1.1,8,3,5.0,False,4,5,0
2020-05-22 10:00:00,0,0.0,13.5,1.6,9,2,3.0,False,4,5,0
2020-05-22 11:00:00,1,0.0,14.8,1.9,10,8,2.0,False,4,5,1
2020-05-22 12:00:00,1,0.0,15.6,3.4,11,0,8.0,False,4,5,0
2020-05-22 13:00:00,0,0.0,17.8,4.5,12,4,0.0,False,4,5,0
2020-05-22 14:00:00,0,0.0,17.7,3.2,13,2,4.0,False,4,5,0
2020-05-22 15:00:00,0,0.0,16.3,3.5,14,4,2.0,False,4,5,0
2020-05-22 16:00:00,0,0.0,15.9,3.2,15,2,4.0,False,4,5,2
2020-05-22 17:00:00,0,0.0,15.7,4.0,16,2,2.0,False,4,5,2
2020-05-22 18:00:00,1,0.0,14.5,3.6,17,0,2.0,False,4,5,0
2020-05-22 19:00:00,0,0.1,13.0,3.5,18,2,0.0,False,4,5,0
2020-05-22 20:00:00,0,0.3,12.5,1.7,19,0,2.0,False,4,5,1
2020-05-22 21:00:00,0,0.0,14.9,6.3,20,0,0.0,False,4,5,0
2020-05-22 22:00:00,0,0.0,12.6,5.9,21,0,0.0,False,4,5,0
2020-05-22 23:00:00,0,1.3,9.4,4.7,22,0,0.0,False,4,5,0
2020-05-22 00:00:00,0,3.3,9.1,4.3,23,0,0.0,False,4,5,0
2020-05-23 01:00:00,0,1.3,9.1,4.8,0,0,,False,5,5,0
2020-05-23 02:00:00,0,0.0,9.2,4.9,1,0,0.0,False,5,5,0
2020-05-23 03:00:00,0,0.0,9.3,3.8,2,0,0.0,False,5,5,0
2020-05-23 04:00:00,0,0.0,9.5,3.4,3,0,0.0,False,5,5,0
2020-05-23 05:00:00,0,0.0,9.6,3.5,4,0,0.0,False,5,5,0
2020-05-23 06:00:00,0,0.0,9.8,2.1,5,0,0.0,False,5,5,0
2020-05-23 07:00:00,0,0.0,10.0,3.1,6,0,0.0,False,5,5,0
2020-05-23 08:00:00,0,0.0,10.5,3.3,7,0,0.0,False,5,5,0
2020-05-23 09:00:00,0,0.0,10.7,4.6,8,0,0.0,False,5,5,0
2020-05-23 10:00:00,0,0.0,11.2,3.4,9,0,0.0,False,5,5,0
2020-05-23 11:00:00,0,0.0,11.3,5.2,10,2,0.0,False,5,5,0
2020-05-23 12:00:00,0,0.0,12.1,3.6,11,0,2.0,False,5,5,0
2020-05-23 13:00:00,0,0.0,11.7,4.3,12,1,0.0,False,5,5,0
2020-05-23 14:00:00,0,0.0,12.5,3.8,13,1,1.0,False,5,5,0
2020-05-23 15:00:00,0,0.0,14.0,4.6,14,1,1.0,False,5,5,0
2020-05-23 16:00:00,0,0.9,9.0,5.0,15,3,1.0,False,5,5,0
2020-05-23 17:00:00,0,0.1,10.3,0.8,16,2,3.0,False,5,5,1
2020-05-23 18:00:00,0,0.0,11.4,2.1,17,2,2.0,False,5,5,0
2020-05-23 19:00:00,0,0.1,11.2,2.5,18,0,2.0,False,5,5,0
2020-05-23 20:00:00,0,0.0,11.0,2.5,19,0,0.0,False,5,5,0
2020-05-23 21:00:00,0,0.0,9.8,1.9,20,0,0.0,False,5,5,0
2020-05-23 22:00:00,0,0.0,9.9,0.8,21,2,0.0,False,5,5,0
2020-05-23 23:00:00,0,0.0,10.1,2.9,22,1,2.0,False,5,5,0
2020-05-23 00:00:00,0,0.0,9.7,5.2,23,0,1.0,False,5,5,0
2020-05-24 01:00:00,0,0.1,9.1,3.1,0,0,,False,6,5,0
2020-05-24 02:00:00,1,0.1,9.1,3.7,1,0,0.0,False,6,5,0
2020-05-24 03:00:00,1,0.2,9.1,3.0,2,0,0.0,False,6,5,0
2020-05-24 04:00:00,1,0.6,9.2,3.2,3,0,0.0,False,6,5,0
2020-05-24 05:00:00,1,0.6,9.2,4.0,4,0,0.0,False,6,5,0
2020-05-24 06:00:00,1,1.0,9.2,2.6,5,0,0.0,False,6,5,0
2020-05-24 07:00:00,1,0.6,9.4,3.1,6,0,0.0,False,6,5,1
2020-05-24 08:00:00,1,0.1,9.8,3.7,7,1,0.0,False,6,5,0
2020-05-24 09:00:00,0,0.0,10.7,3.6,8,1,1.0,False,6,5,0
2020-05-24 10:00:00,0,0.0,11.3,3.5,9,0,1.0,False,6,5,0
2020-05-24 11:00:00,0,0.0,12.7,4.2,10,1,0.0,False,6,5,1
2020-05-24 12:00:00,0,0.0,12.7,3.3,11,1,1.0,False,6,5,0
2020-05-24 13:00:00,0,1.4,11.9,3.2,12,0,1.0,False,6,5,0
2020-05-24 14:00:00,0,0.9,12.8,4.0,13,0,0.0,False,6,5,0
2020-05-24 15:00:00,0,0.0,12.8,3.7,14,0,0.0,False,6,5,1
2020-05-24 16:00:00,1,0.0,12.8,2.3,15,1,0.0,False,6,5,1
2020-05-24 17:00:00,1,0.0,13.0,1.4,16,1,1.0,False,6,5,0
2020-05-24 18:00:00,0,0.0,12.4,1.5,17,0,1.0,False,6,5,0
2020-05-24 19:00:00,0,0.0,13.1,0.6,18,0,0.0,False,6,5,0
2020-05-24 20:00:00,0,0.0,12.8,0.7,19,2,0.0,False,6,5,1
2020-05-24 21:00:00,0,0.0,12.7,1.6,20,0,2.0,False,6,5,1
2020-05-24 22:00:00,1,0.0,11.7,1.6,21,0,0.0,False,6,5,0
2020-05-24 23:00:00,0,0.0,11.1,0.5,22,0,0.0,False,6,5,1
2020-05-24 00:00:00,1,0.0,9.9,1.1,23,0,0.0,False,6,5,0
2020-05-25 01:00:00,0,0.0,9.2,1.3,0,0,,False,0,5,0
2020-05-25 02:00:00,0,0.0,10.8,3.4,1,0,0.0,False,0,5,0
2020-05-25 03:00:00,0,0.0,10.6,1.5,2,0,0.0,False,0,5,0
2020-05-25 04:00:00,0,0.0,10.7,2.4,3,1,0.0,False,0,5,0
2020-05-25 05:00:00,0,0.0,10.1,0.5,4,0,1.0,False,0,5,0
2020-05-25 06:00:00,0,0.0,11.1,1.3,5,2,0.0,False,0,5,0
2020-05-25 07:00:00,0,0.0,11.5,1.2,6,1,2.0,False,0,5,1
2020-05-25 08:00:00,0,0.0,12.2,1.0,7,1,1.0,False,0,5,1
2020-05-25 09:00:00,1,0.0,13.5,1.3,8,0,1.0,False,0,5,3
2020-05-25 10:00:00,1,0.0,14.7,1.2,9,5,0.0,False,0,5,1
2020-05-25 11:00:00,0,0.0,14.9,3.1,10,3,5.0,False,0,5,0
2020-05-25 12:00:00,0,0.0,18.8,1.6,11,5,3.0,False,0,5,0
2020-05-25 13:00:00,0,0.0,19.0,2.2,12,1,5.0,False,0,5,0
2020-05-25 14:00:00,0,0.0,19.8,2.3,13,3,1.0,False,0,5,1
2020-05-25 15:00:00,1,0.0,19.8,3.6,14,4,3.0,False,0,5,1
2020-05-25 16:00:00,0,0.0,20.5,2.7,15,6,4.0,False,0,5,3
2020-05-25 17:00:00,0,0.0,20.9,2.6,16,6,6.0,False,0,5,2
2020-05-25 18:00:00,0,0.0,19.4,2.5,17,5,6.0,False,0,5,1
2020-05-25 19:00:00,1,0.0,19.6,1.6,18,2,5.0,False,0,5,0
2020-05-25 20:00:00,0,0.0,19.4,2.3,19,2,2.0,False,0,5,0
2020-05-25 21:00:00,0,0.0,17.4,2.7,20,1,2.0,False,0,5,0
2020-05-25 22:00:00,0,0.0,15.6,2.3,21,0,1.0,False,0,5,0
2020-05-25 23:00:00,0,0.0,14.3,2.0,22,1,0.0,False,0,5,0
2020-05-25 00:00:00,1,0.0,12.5,1.0,23,0,1.0,False,0,5,0
2020-05-26 01:00:00,1,0.0,10.3,0.7,0,0,,False,1,5,0
2020-05-26 02:00:00,1,0.0,9.0,0.2,1,0,0.0,False,1,5,0
2020-05-26 03:00:00,1,0.0,8.5,0.9,2,0,0.0,False,1,5,0
2020-05-26 04:00:00,1,0.0,8.2,0.8,3,0,0.0,False,1,5,0
2020-05-26 05:00:00,1,0.0,8.3,0.5,4,1,0.0,False,1,5,0
2020-05-26 06:00:00,1,0.0,9.5,0.4,5,2,1.0,False,1,5,1
2020-05-26 07:00:00,1,0.0,10.9,1.5,6,0,2.0,False,1,5,3
2020-05-26 08:00:00,1,0.0,11.8,1.6,7,0,0.0,False,1,5,0
2020-05-26 09:00:00,0,0.0,12.5,2.0,8,0,0.0,False,1,5,0
2020-05-26 10:00:00,0,0.0,14.0,2.3,9,1,0.0,False,1,5,0
2020-05-26 11:00:00,0,0.0,15.9,3.6,10,0,1.0,False,1,5,0
2020-05-26 12:00:00,0,0.0,17.5,4.8,11,0,0.0,False,1,5,0
2020-05-26 13:00:00,0,0.0,17.7,4.7,12,1,0.0,False,1,5,0
2020-05-26 14:00:00,0,0.0,17.8,4.1,13,2,1.0,False,1,5,0
2020-05-26 15:00:00,0,0.0,17.5,6.5,14,2,2.0,False,1,5,2
2020-05-26 16:00:00,0,0.0,16.7,4.9,15,6,2.0,False,1,5,1
2020-05-26 17:00:00,0,0.0,16.1,4.0,16,0,6.0,False,1,5,1
2020-05-26 18:00:00,0,0.0,15.0,2.7,17,5,0.0,False,1,5,1
2020-05-26 19:00:00,1,0.0,14.6,2.7,18,9,5.0,False,1,5,0
2020-05-26 20:00:00,0,0.0,14.2,2.3,19,5,9.0,False,1,5,1
2020-05-26 21:00:00,1,0.0,13.5,2.1,20,1,5.0,False,1,5,3
2020-05-26 22:00:00,1,0.0,11.7,2.3,21,1,1.0,False,1,5,0
2020-05-26 23:00:00,1,0.0,10.6,0.8,22,1,1.0,False,1,5,0
2020-05-26 00:00:00,1,0.0,9.5,1.4,23,0,1.0,False,1,5,0
2020-05-27 01:00:00,1,0.0,8.8,1.3,0,0,,False,2,5,0
2020-05-27 02:00:00,0,0.0,8.5,1.0,1,0,0.0,False,2,5,0
2020-05-27 03:00:00,0,0.0,8.1,1.1,2,0,0.0,False,2,5,0
2020-05-27 04:00:00,0,0.0,7.0,0.9,3,0,0.0,False,2,5,0
2020-05-27 05:00:00,0,0.0,6.6,1.0,4,1,0.0,False,2,5,0
2020-05-27 06:00:00,0,0.0,8.5,0.8,5,5,1.0,False,2,5,0
2020-05-27 07:00:00,0,0.0,10.1,0.8,6,2,5.0,False,2,5,2
2020-05-27 08:00:00,0,0.0,12.3,1.0,7,1,2.0,False,2,5,1
2020-05-27 09:00:00,0,0.0,13.7,3.6,8,0,1.0,False,2,5,0
2020-05-27 10:00:00,0,0.0,15.3,3.5,9,0,0.0,False,2,5,0
2020-05-27 11:00:00,0,0.0,15.6,5.1,10,5,0.0,False,2,5,0
2020-05-27 12:00:00,0,0.0,15.7,6.2,11,5,5.0,False,2,5,0
2020-05-27 13:00:00,0,0.0,16.9,5.0,12,6,5.0,False,2,5,2
2020-05-27 14:00:00,0,0.0,16.6,5.7,13,1,6.0,False,2,5,0
2020-05-27 15:00:00,0,0.0,17.9,4.7,14,3,1.0,False,2,5,1
2020-05-27 16:00:00,0,0.0,17.5,4.1,15,1,3.0,False,2,5,1
2020-05-27 17:00:00,0,0.0,16.6,4.4,16,8,1.0,False,2,5,2
2020-05-27 18:00:00,1,0.0,18.2,4.8,17,6,8.0,False,2,5,3
2020-05-27 19:00:00,1,0.0,17.3,5.5,18,9,6.0,False,2,5,0
2020-05-27 20:00:00,0,0.0,16.6,5.1,19,11,9.0,False,2,5,2
2020-05-27 21:00:00,1,0.0,15.0,4.6,20,4,11.0,False,2,5,0
2020-05-27 22:00:00,0,0.0,13.1,3.0,21,1,4.0,False,2,5,1
2020-05-27 23:00:00,1,0.0,11.8,1.9,22,0,1.0,False,2,5,1
2020-05-27 00:00:00,1,0.0,11.0,1.1,23,0,0.0,False,2,5,0
2020-05-28 01:00:00,1,0.0,9.9,1.3,0,0,,False,3,5,0
2020-05-28 02:00:00,0,0.0,9.0,1.2,1,0,0.0,False,3,5,0
2020-05-28 03:00:00,0,0.0,8.1,0.8,2,0,0.0,False,3,5,0
2020-05-28 04:00:00,0,0.0,7.6,1.8,3,0,0.0,False,3,5,0
2020-05-28 05:00:00,0,0.0,7.0,0.4,4,2,0.0,False,3,5,0
2020-05-28 06:00:00,0,0.0,9.3,1.3,5,7,2.0,False,3,5,0
2020-05-28 07:00:00,0,0.0,10.6,1.3,6,0,7.0,False,3,5,1
2020-05-28 08:00:00,0,0.0,11.6,2.4,7,0,0.0,False,3,5,1
2020-05-28 09:00:00,0,0.0,12.6,2.6,8,0,0.0,False,3,5,1
2020-05-28 10:00:00,1,0.0,14.0,1.9,9,1,0.0,False,3,5,0
2020-05-28 11:00:00,0,0.0,14.1,1.8,10,2,1.0,False,3,5,0
2020-05-28 12:00:00,0,0.0,15.5,1.9,11,8,2.0,False,3,5,0
2020-05-28 13:00:00,0,0.0,16.4,2.5,12,7,8.0,False,3,5,0
2020-05-28 14:00:00,0,0.0,17.3,3.1,13,5,7.0,False,3,5,2
2020-05-28 15:00:00,1,0.0,16.9,2.2,14,1,5.0,False,3,5,0
2020-05-28 16:00:00,0,0.0,18.7,2.5,15,2,1.0,False,3,5,2
2020-05-28 17:00:00,0,0.0,19.5,1.5,16,3,2.0,False,3,5,1
2020-05-28 18:00:00,0,0.0,18.5,2.6,17,2,3.0,False,3,5,1
2020-05-28 19:00:00,0,0.0,18.6,2.8,18,2,2.0,False,3,5,0
2020-05-28 20:00:00,0,0.0,18.1,0.8,19,0,2.0,False,3,5,0
2020-05-28 21:00:00,0,0.0,16.9,1.8,20,3,0.0,False,3,5,0
2020-05-28 22:00:00,0,0.0,13.9,1.9,21,3,3.0,False,3,5,1
2020-05-28 23:00:00,1,0.0,11.6,1.8,22,1,3.0,False,3,5,2
2020-05-28 00:00:00,1,0.0,10.1,2.1,23,0,1.0,False,3,5,0
2020-05-29 01:00:00,0,0.0,9.0,2.3,0,0,,False,4,5,0
2020-05-29 02:00:00,0,0.0,9.3,2.8,1,0,0.0,False,4,5,0
2020-05-29 03:00:00,0,0.0,8.4,2.0,2,0,0.0,False,4,5,0
2020-05-29 04:00:00,0,0.0,9.2,4.0,3,0,0.0,False,4,5,0
2020-05-29 05:00:00,0,0.0,10.0,3.9,4,3,0.0,False,4,5,0
2020-05-29 06:00:00,0,0.0,10.9,2.8,5,1,3.0,False,4,5,0
2020-05-29 07:00:00,0,0.0,12.6,2.0,6,0,1.0,False,4,5,0
2020-05-29 08:00:00,0,0.0,13.3,1.9,7,2,0.0,False,4,5,0
2020-05-29 09:00:00,0,0.0,15.4,0.7,8,6,2.0,False,4,5,0
2020-05-29 10:00:00,0,0.0,16.9,1.4,9,1,6.0,False,4,5,0
2020-05-29 11:00:00,1,0.0,17.8,1.5,10,1,1.0,False,4,5,0
2020-05-29 12:00:00,0,0.0,18.7,2.5,11,0,1.0,False,4,5,0
2020-05-29 13:00:00,0,0.0,19.6,3.1,12,5,0.0,False,4,5,0
2020-05-29 14:00:00,0,0.0,21.2,2.6,13,2,5.0,False,4,5,0
2020-05-29 15:00:00,0,0.0,21.4,2.3,14,1,2.0,False,4,5,0
2020-05-29 16:00:00,0,0.0,21.8,2.7,15,0,1.0,False,4,5,0
2020-05-29 17:00:00,0,0.0,21.6,3.4,16,4,0.0,False,4,5,0
2020-05-29 18:00:00,0,0.0,21.8,4.3,17,5,4.0,False,4,5,0
2020-05-29 19:00:00,0,0.0,20.6,3.3,18,1,5.0,False,4,5,0
2020-05-29 20:00:00,0,0.0,19.6,2.9,19,2,1.0,False,4,5,0
2020-05-29 21:00:00,0,0.0,17.0,1.3,20,3,2.0,False,4,5,0
2020-05-29 22:00:00,0,0.0,15.7,1.2,21,1,3.0,False,4,5,0
2020-05-29 23:00:00,1,0.0,14.3,1.7,22,1,1.0,False,4,5,0
2020-05-29 00:00:00,0,0.0,13.9,1.9,23,0,1.0,False,4,5,0
2020-05-30 01:00:00,0,0.0,15.7,4.0,0,0,,False,5,5,0
2020-05-30 02:00:00,0,0.0,16.7,5.4,1,0,0.0,False,5,5,0
2020-05-30 03:00:00,1,0.0,15.3,5.7,2,0,0.0,False,5,5,0
2020-05-30 04:00:00,1,0.0,15.0,5.7,3,0,0.0,False,5,5,0
2020-05-30 05:00:00,1,0.0,14.3,5.8,4,0,0.0,False,5,5,0
2020-05-30 06:00:00,1,0.0,14.0,5.6,5,1,0.0,False,5,5,0
2020-05-30 07:00:00,1,0.0,14.2,4.7,6,4,1.0,False,5,5,0
2020-05-30 08:00:00,0,0.0,15.0,3.3,7,0,4.0,False,5,5,0
2020-05-30 09:00:00,1,0.0,15.7,3.4,8,2,0.0,False,5,5,0
2020-05-30 10:00:00,0,0.0,16.7,3.8,9,0,2.0,False,5,5,0
2020-05-30 11:00:00,0,0.0,18.2,4.0,10,0,0.0,False,5,5,0
2020-05-30 12:00:00,0,0.0,19.2,3.3,11,3,0.0,False,5,5,0
2020-05-30 13:00:00,0,0.0,20.1,4.8,12,1,3.0,False,5,5,0
2020-05-30 14:00:00,0,0.0,20.9,4.3,13,0,1.0,False,5,5,0
2020-05-30 15:00:00,0,0.0,21.6,3.6,14,0,0.0,False,5,5,0
2020-05-30 16:00:00,0,0.0,21.8,3.7,15,0,0.0,False,5,5,0
2020-05-30 17:00:00,0,0.0,22.6,2.3,16,0,0.0,False,5,5,0
2020-05-30 18:00:00,1,0.0,22.3,3.6,17,1,0.0,False,5,5,0
2020-05-30 19:00:00,0,0.0,22.7,1.5,18,1,1.0,False,5,5,0
2020-05-30 20:00:00,0,0.0,22.5,2.5,19,1,1.0,False,5,5,0
2020-05-30 21:00:00,0,0.0,21.8,2.5,20,1,1.0,False,5,5,0
2020-05-30 22:00:00,0,0.0,20.5,2.6,21,0,1.0,False,5,5,0
2020-05-30 23:00:00,0,0.0,17.5,0.8,22,7,0.0,False,5,5,0
2020-05-30 00:00:00,0,0.0,14.9,2.5,23,0,7.0,False,5,5,0
2020-05-31 01:00:00,1,0.0,13.9,2.5,0,0,,True,6,5,0
2020-05-31 02:00:00,0,0.0,13.5,2.9,1,0,0.0,True,6,5,0
2020-05-31 03:00:00,0,0.0,12.9,3.2,2,0,0.0,True,6,5,0
2020-05-31 04:00:00,0,0.0,12.0,2.5,3,0,0.0,True,6,5,0
2020-05-31 05:00:00,0,0.0,11.3,2.2,4,0,0.0,True,6,5,0
2020-05-31 06:00:00,0,0.0,13.5,2.7,5,0,0.0,True,6,5,0
2020-05-31 07:00:00,0,0.0,15.9,2.5,6,0,0.0,True,6,5,0
2020-05-31 08:00:00,0,0.0,17.6,2.3,7,0,0.0,True,6,5,0
2020-05-31 09:00:00,1,0.0,18.8,2.0,8,1,0.0,True,6,5,0
2020-05-31 10:00:00,0,0.0,19.3,2.2,9,1,1.0,True,6,5,0
2020-05-31 11:00:00,0,0.0,20.4,2.2,10,0,1.0,True,6,5,0
2020-05-31 12:00:00,0,0.0,21.4,3.7,11,2,0.0,True,6,5,0
2020-05-31 13:00:00,0,0.0,22.2,3.2,12,2,2.0,True,6,5,0
2020-05-31 14:00:00,0,0.0,22.7,3.1,13,5,2.0,True,6,5,0
2020-05-31 15:00:00,0,0.0,23.7,2.7,14,7,5.0,True,6,5,0
2020-05-31 16:00:00,0,0.0,24.0,3.7,15,4,7.0,True,6,5,0
2020-05-31 17:00:00,1,0.0,24.3,1.5,16,10,4.0,True,6,5,0
2020-05-31 18:00:00,0,0.0,24.8,1.8,17,0,10.0,True,6,5,0
2020-05-31 19:00:00,0,0.0,24.6,2.3,18,1,0.0,True,6,5,0
2020-05-31 20:00:00,0,0.0,24.3,2.2,19,0,1.0,True,6,5,0
2020-05-31 21:00:00,0,0.0,22.6,1.5,20,3,0.0,True,6,5,0
2020-05-31 22:00:00,1,0.0,18.4,0.8,21,1,3.0,True,6,5,0
2020-05-31 23:00:00,0,0.0,16.1,2.6,22,0,1.0,True,6,5,0
2020-05-31 00:00:00,0,0.0,14.5,1.5,23,0,0.0,True,6,5,0
