dateTime,availability 0,availability 1,availability 2,availability 3,nedør,temp,vind,hour,count,count_last_hour,isHoliday,weekday,month,Mean_close_count_last_hour
2020-12-01 01:00:00,1,1,0,0.0,0.0,6.1,0.8,0,0,,False,1,12,0.0
2020-12-01 02:00:00,1,1,0,0.0,0.0,5.2,1.8,1,0,0.0,False,1,12,0.0
2020-12-01 03:00:00,1,1,0,0.0,0.0,4.8,0.4,2,0,0.0,False,1,12,0.0
2020-12-01 04:00:00,1,1,0,0.0,0.0,4.8,0.8,3,0,0.0,False,1,12,0.0
2020-12-01 05:00:00,1,1,0,0.0,0.0,3.8,0.6,4,0,0.0,False,1,12,0.0
2020-12-01 06:00:00,1,1,0,0.0,0.0,2.5,0.9,5,0,0.0,False,1,12,0.0
2020-12-01 07:00:00,1,1,0,0.0,0.0,1.5,0.6,6,0,0.0,False,1,12,0.0
2020-12-01 08:00:00,1,1,0,0.0,0.0,1.7,1.3,7,0,0.0,False,1,12,0.0
2020-12-01 09:00:00,1,1,1,0.0,0.0,1.2,0.7,8,1,0.0,False,1,12,0.0
2020-12-01 10:00:00,1,1,1,0.0,0.0,0.2,0.9,9,0,1.0,False,1,12,0.0
2020-12-01 11:00:00,1,1,1,1.0,0.0,0.0,1.7,10,0,0.0,False,1,12,0.0
2020-12-01 12:00:00,1,1,1,1.0,0.0,1.8,1.6,11,0,0.0,False,1,12,0.25
2020-12-01 13:00:00,1,1,1,1.0,0.0,4.4,1.8,12,0,0.0,False,1,12,1.0
2020-12-01 14:00:00,0,1,1,1.0,0.0,6.1,1.4,13,0,0.0,False,1,12,0.75
2020-12-01 15:00:00,0,1,1,1.0,0.0,4.8,2.5,14,0,0.0,False,1,12,0.25
2020-12-01 16:00:00,0,1,1,1.0,0.0,4.2,1.5,15,0,0.0,False,1,12,0.25
2020-12-01 17:00:00,0,1,1,1.0,0.0,2.6,1.6,16,1,0.0,False,1,12,0.75
2020-12-01 18:00:00,0,1,0,1.0,0.0,0.6,1.6,17,0,1.0,False,1,12,0.5
2020-12-01 19:00:00,0,0,0,1.0,0.0,-0.7,0.8,18,1,0.0,False,1,12,0.0
2020-12-01 20:00:00,1,1,1,1.0,0.0,0.4,2.7,19,3,1.0,False,1,12,0.25
2020-12-01 21:00:00,0,1,1,1.0,0.0,0.4,3.4,20,0,3.0,False,1,12,0.5
2020-12-01 22:00:00,0,0,1,1.0,0.0,-0.4,1.9,21,1,0.0,False,1,12,0.0
2020-12-01 23:00:00,0,0,1,1.0,0.0,-0.4,0.7,22,0,1.0,False,1,12,0.0
2020-12-01 00:00:00,0,0,1,1.0,0.0,-1.5,0.3,23,0,0.0,False,1,12,0.0
2020-12-02 01:00:00,0,0,1,1.0,0.0,2.9,4.0,0,0,,False,2,12,0.0
2020-12-02 02:00:00,0,0,1,1.0,0.0,3.1,3.9,1,0,0.0,False,2,12,0.0
2020-12-02 03:00:00,0,0,1,1.0,0.0,2.9,3.5,2,0,0.0,False,2,12,0.0
2020-12-02 04:00:00,0,0,1,1.0,0.0,2.1,1.8,3,0,0.0,False,2,12,0.0
2020-12-02 05:00:00,0,0,1,1.0,0.0,2.3,3.2,4,0,0.0,False,2,12,0.0
2020-12-02 06:00:00,0,0,1,1.0,0.0,1.7,2.4,5,0,0.0,False,2,12,0.0
2020-12-02 07:00:00,0,0,1,1.0,0.0,1.5,3.1,6,0,0.0,False,2,12,0.0
2020-12-02 08:00:00,0,0,1,1.0,0.0,1.2,2.2,7,0,0.0,False,2,12,0.5
2020-12-02 09:00:00,0,1,1,0.0,0.0,0.7,1.1,8,1,0.0,False,2,12,1.0
2020-12-02 10:00:00,0,1,1,0.0,0.0,0.2,1.2,9,1,1.0,False,2,12,0.0
2020-12-02 11:00:00,0,1,1,0.0,0.0,0.5,1.1,10,0,1.0,False,2,12,0.0
2020-12-02 12:00:00,0,1,1,0.0,0.0,4.6,2.7,11,0,0.0,False,2,12,0.0
2020-12-02 13:00:00,0,1,1,0.0,0.0,6.2,2.9,12,1,0.0,False,2,12,0.0
2020-12-02 14:00:00,0,1,1,0.0,0.0,6.3,3.7,13,0,1.0,False,2,12,0.0
2020-12-02 15:00:00,1,1,1,0.0,0.0,6.6,3.4,14,0,0.0,False,2,12,0.25
2020-12-02 16:00:00,0,1,1,0.0,0.0,7.0,4.3,15,1,0.0,False,2,12,0.0
2020-12-02 17:00:00,0,1,1,0.0,0.0,6.7,4.0,16,0,1.0,False,2,12,0.25
2020-12-02 18:00:00,1,1,1,1.0,0.0,5.1,3.8,17,0,0.0,False,2,12,0.75
2020-12-02 19:00:00,1,0,1,1.0,0.0,3.5,4.3,18,1,0.0,False,2,12,0.5
2020-12-02 20:00:00,1,1,1,1.0,0.0,2.6,4.1,19,0,1.0,False,2,12,0.5
2020-12-02 21:00:00,1,1,1,1.0,0.0,2.3,2.6,20,0,0.0,False,2,12,0.0
2020-12-02 22:00:00,1,1,1,1.0,0.0,0.9,1.0,21,0,0.0,False,2,12,0.0
2020-12-02 23:00:00,1,1,1,1.0,0.0,0.2,2.8,22,0,0.0,False,2,12,0.5
2020-12-02 00:00:00,1,0,1,1.0,0.0,-1.0,1.9,23,0,0.0,False,2,12,0.0
2020-12-03 01:00:00,1,0,1,1.0,0.0,3.5,3.1,0,0,,False,3,12,0.25
2020-12-03 02:00:00,1,0,1,1.0,0.0,3.1,3.9,1,0,0.0,False,3,12,0.0
2020-12-03 03:00:00,1,0,1,1.0,0.0,2.1,1.9,2,0,0.0,False,3,12,0.0
2020-12-03 04:00:00,1,0,1,1.0,0.0,0.9,2.0,3,0,0.0,False,3,12,0.0
2020-12-03 05:00:00,1,0,1,1.0,0.0,1.1,1.5,4,0,0.0,False,3,12,0.0
2020-12-03 06:00:00,1,0,1,1.0,0.0,0.9,1.3,5,0,0.0,False,3,12,0.0
2020-12-03 07:00:00,1,0,1,1.0,0.0,0.3,0.6,6,0,0.0,False,3,12,0.5
2020-12-03 08:00:00,1,0,0,1.0,0.0,0.2,2.6,7,0,0.0,False,3,12,0.25
2020-12-03 09:00:00,1,0,1,0.0,0.0,0.3,2.3,8,1,0.0,False,3,12,0.0
2020-12-03 10:00:00,1,1,1,0.0,0.0,0.9,1.8,9,0,1.0,False,3,12,0.25
2020-12-03 11:00:00,0,1,1,0.0,0.0,1.9,1.3,10,0,0.0,False,3,12,0.0
2020-12-03 12:00:00,1,1,1,0.0,0.0,2.7,1.3,11,0,0.0,False,3,12,0.0
2020-12-03 13:00:00,1,1,1,0.0,0.0,4.2,1.8,12,1,0.0,False,3,12,0.0
2020-12-03 14:00:00,1,1,1,0.0,0.0,6.4,4.4,13,3,1.0,False,3,12,0.5
2020-12-03 15:00:00,1,1,1,0.0,0.0,7.1,4.5,14,1,3.0,False,3,12,0.25
2020-12-03 16:00:00,1,1,1,0.0,0.0,8.0,5.4,15,0,1.0,False,3,12,0.5
2020-12-03 17:00:00,1,1,1,1.0,0.0,7.4,6.2,16,2,0.0,False,3,12,1.0
2020-12-03 18:00:00,1,1,1,1.0,0.0,6.7,5.4,17,1,2.0,False,3,12,1.75
2020-12-03 19:00:00,1,1,1,1.0,0.0,5.5,4.3,18,1,1.0,False,3,12,0.5
2020-12-03 20:00:00,0,1,1,1.0,0.0,5.0,3.9,19,0,1.0,False,3,12,0.25
2020-12-03 21:00:00,0,1,1,1.0,0.0,4.3,4.4,20,1,0.0,False,3,12,0.0
2020-12-03 22:00:00,0,1,1,1.0,0.0,3.9,4.7,21,0,1.0,False,3,12,0.0
2020-12-03 23:00:00,0,1,1,1.0,0.0,2.9,2.1,22,0,0.0,False,3,12,0.0
2020-12-03 00:00:00,0,1,1,1.0,0.0,1.8,1.7,23,0,0.0,False,3,12,0.0
2020-12-04 01:00:00,0,0,1,1.0,0.0,5.1,3.5,0,0,,False,4,12,0.25
2020-12-04 02:00:00,0,0,1,1.0,0.0,5.1,3.1,1,0,0.0,False,4,12,0.0
2020-12-04 03:00:00,0,0,1,1.0,0.0,5.0,2.6,2,0,0.0,False,4,12,0.0
2020-12-04 04:00:00,0,0,1,1.0,0.0,4.9,3.0,3,0,0.0,False,4,12,0.0
2020-12-04 05:00:00,0,0,1,1.0,0.0,4.9,2.4,4,0,0.0,False,4,12,0.0
2020-12-04 06:00:00,0,0,1,1.0,0.0,5.0,3.1,5,0,0.0,False,4,12,0.0
2020-12-04 07:00:00,0,0,1,1.0,0.0,4.9,2.3,6,0,0.0,False,4,12,0.0
2020-12-04 08:00:00,0,0,1,1.0,0.0,5.1,3.0,7,1,0.0,False,4,12,0.75
2020-12-04 09:00:00,0,1,1,0.0,0.0,5.5,1.7,8,0,1.0,False,4,12,0.0
2020-12-04 10:00:00,1,1,1,0.0,0.0,6.3,3.8,9,0,0.0,False,4,12,0.25
2020-12-04 11:00:00,1,1,1,0.0,0.0,7.4,5.4,10,0,0.0,False,4,12,0.5
2020-12-04 12:00:00,1,1,1,0.0,0.0,8.6,3.7,11,0,0.0,False,4,12,0.0
2020-12-04 13:00:00,1,1,1,0.0,0.0,11.0,6.4,12,0,0.0,False,4,12,0.0
2020-12-04 14:00:00,1,1,1,0.0,0.0,11.4,4.9,13,0,0.0,False,4,12,0.0
2020-12-04 15:00:00,1,1,1,0.0,0.0,12.3,6.8,14,0,0.0,False,4,12,0.0
2020-12-04 16:00:00,1,1,1,0.0,0.0,12.8,5.4,15,0,0.0,False,4,12,0.25
2020-12-04 17:00:00,1,1,1,1.0,0.0,12.9,7.6,16,0,0.0,False,4,12,0.75
2020-12-04 18:00:00,1,1,1,1.0,0.0,11.8,7.4,17,0,0.0,False,4,12,0.5
2020-12-04 19:00:00,1,1,1,1.0,0.0,9.8,7.2,18,0,0.0,False,4,12,0.5
2020-12-04 20:00:00,1,1,1,1.0,0.0,8.3,6.0,19,0,0.0,False,4,12,1.0
2020-12-04 21:00:00,1,1,1,1.0,0.0,6.4,8.4,20,0,0.0,False,4,12,0.0
2020-12-04 22:00:00,1,1,1,1.0,0.0,5.1,5.9,21,0,0.0,False,4,12,0.0
2020-12-04 23:00:00,1,1,1,1.0,0.0,4.0,6.0,22,0,0.0,False,4,12,0.25
2020-12-04 00:00:00,1,1,1,1.0,0.0,3.4,5.6,23,1,0.0,False,4,12,0.0
2020-12-05 01:00:00,0,1,1,1.0,0.0,3.3,2.6,0,0,,False,5,12,0.25
2020-12-05 02:00:00,0,1,1,1.0,0.0,1.5,2.1,1,0,0.0,False,5,12,0.0
2020-12-05 03:00:00,0,1,1,1.0,0.0,0.3,0.4,2,0,0.0,False,5,12,0.0
2020-12-05 04:00:00,0,1,1,1.0,0.0,0.2,0.9,3,0,0.0,False,5,12,0.0
2020-12-05 05:00:00,0,1,1,1.0,0.0,1.1,1.3,4,0,0.0,False,5,12,0.0
2020-12-05 06:00:00,0,1,1,1.0,0.0,1.2,1.1,5,0,0.0,False,5,12,0.0
2020-12-05 07:00:00,0,1,1,1.0,0.0,3.5,2.3,6,1,0.0,False,5,12,0.0
2020-12-05 08:00:00,0,1,1,1.0,0.0,6.0,2.6,7,0,1.0,False,5,12,0.0
2020-12-05 09:00:00,0,1,1,1.0,0.1,6.5,4.7,8,0,0.0,False,5,12,0.0
2020-12-05 10:00:00,0,1,1,1.0,0.1,6.0,3.3,9,0,0.0,False,5,12,0.0
2020-12-05 11:00:00,0,1,1,1.0,0.2,7.0,3.3,10,0,0.0,False,5,12,0.5
2020-12-05 12:00:00,0,1,1,1.0,0.0,7.1,4.1,11,0,0.0,False,5,12,0.25
2020-12-05 13:00:00,0,0,0,1.0,0.0,6.8,7.3,12,1,0.0,False,5,12,0.5
2020-12-05 14:00:00,0,1,1,0.0,0.0,7.5,6.5,13,1,1.0,False,5,12,0.25
2020-12-05 15:00:00,0,1,1,0.0,0.0,6.5,5.5,14,2,1.0,False,5,12,0.0
2020-12-05 16:00:00,0,1,1,0.0,0.0,8.2,4.0,15,0,2.0,False,5,12,0.5
2020-12-05 17:00:00,0,1,1,0.0,0.0,7.1,3.7,16,0,0.0,False,5,12,0.0
2020-12-05 18:00:00,0,1,1,1.0,0.0,7.2,5.6,17,0,0.0,False,5,12,0.25
2020-12-05 19:00:00,0,1,1,1.0,0.0,6.4,5.7,18,0,0.0,False,5,12,0.0
2020-12-05 20:00:00,0,1,1,1.0,0.0,3.8,2.6,19,0,0.0,False,5,12,0.25
2020-12-05 21:00:00,0,1,1,1.0,0.0,4.9,2.9,20,0,0.0,False,5,12,0.0
2020-12-05 22:00:00,0,1,1,1.0,0.0,4.3,5.1,21,0,0.0,False,5,12,0.25
2020-12-05 23:00:00,0,1,1,1.0,0.0,4.0,5.0,22,0,0.0,False,5,12,0.5
2020-12-05 00:00:00,0,1,0,1.0,0.0,3.4,3.7,23,0,0.0,False,5,12,0.0
2020-12-06 01:00:00,0,1,0,1.0,0.0,17.4,3.6,0,0,,False,6,12,0.0
2020-12-06 02:00:00,0,1,0,1.0,0.0,16.6,2.8,1,0,0.0,False,6,12,0.0
2020-12-06 03:00:00,0,1,0,1.0,0.0,15.9,2.8,2,0,0.0,False,6,12,0.0
2020-12-06 04:00:00,0,1,0,1.0,0.0,16.1,2.8,3,0,0.0,False,6,12,0.0
2020-12-06 05:00:00,0,1,0,1.0,0.0,16.8,4.0,4,0,0.0,False,6,12,0.0
2020-12-06 06:00:00,0,1,0,1.0,0.0,16.6,1.6,5,0,0.0,False,6,12,0.0
2020-12-06 07:00:00,0,1,0,1.0,0.0,19.2,3.5,6,0,0.0,False,6,12,0.0
2020-12-06 08:00:00,0,1,0,1.0,0.0,20.0,5.6,7,0,0.0,False,6,12,0.0
2020-12-06 09:00:00,0,1,0,1.0,0.0,20.8,5.2,8,0,0.0,False,6,12,0.0
2020-12-06 10:00:00,0,1,0,1.0,0.0,22.1,4.7,9,0,0.0,False,6,12,0.0
2020-12-06 11:00:00,0,1,0,1.0,0.0,22.9,5.9,10,0,0.0,False,6,12,0.0
2020-12-06 12:00:00,0,1,0,1.0,0.0,23.7,4.5,11,0,0.0,False,6,12,0.25
2020-12-06 13:00:00,0,1,0,1.0,0.0,23.5,4.7,12,0,0.0,False,6,12,0.0
2020-12-06 14:00:00,0,1,0,1.0,0.0,25.2,5.2,13,0,0.0,False,6,12,0.25
2020-12-06 15:00:00,0,1,0,1.0,0.0,25.7,4.2,14,0,0.0,False,6,12,0.5
2020-12-06 16:00:00,0,0,0,1.0,0.0,25.8,4.3,15,0,0.0,False,6,12,0.0
2020-12-06 17:00:00,0,0,0,1.0,0.0,26.0,3.8,16,0,0.0,False,6,12,0.25
2020-12-06 18:00:00,0,1,0,1.0,0.0,25.8,4.7,17,0,0.0,False,6,12,0.25
2020-12-06 19:00:00,0,1,0,0.0,0.0,25.5,4.1,18,0,0.0,False,6,12,0.0
2020-12-06 20:00:00,0,1,0,0.0,0.0,24.9,4.3,19,0,0.0,False,6,12,0.0
2020-12-06 21:00:00,0,1,0,0.0,0.0,24.1,3.5,20,0,0.0,False,6,12,0.25
2020-12-06 22:00:00,0,1,0,0.0,0.0,22.9,3.7,21,0,0.0,False,6,12,0.0
2020-12-06 23:00:00,0,1,0,0.0,0.0,21.2,3.1,22,0,0.0,False,6,12,0.25
2020-12-06 00:00:00,0,0,0,1.0,0.0,19.7,2.4,23,0,0.0,False,6,12,0.0
2020-12-07 01:00:00,0,0,0,1.0,0.0,12.4,1.3,0,0,,False,0,12,0.0
2020-12-07 02:00:00,0,0,0,1.0,0.0,12.1,2.1,1,0,0.0,False,0,12,0.0
2020-12-07 03:00:00,0,0,0,1.0,0.0,10.4,2.0,2,0,0.0,False,0,12,0.0
2020-12-07 04:00:00,0,0,0,1.0,0.0,11.1,1.9,3,0,0.0,False,0,12,0.0
2020-12-07 05:00:00,0,0,0,1.0,0.0,9.6,1.0,4,0,0.0,False,0,12,0.0
2020-12-07 06:00:00,0,0,0,1.0,0.0,10.9,2.3,5,0,0.0,False,0,12,0.0
2020-12-07 07:00:00,0,0,0,1.0,0.0,13.0,1.0,6,0,0.0,False,0,12,0.0
2020-12-07 08:00:00,0,0,0,1.0,0.0,15.0,1.9,7,0,0.0,False,0,12,0.75
2020-12-07 09:00:00,0,0,1,0.0,0.0,15.0,2.1,8,0,0.0,False,0,12,0.5
2020-12-07 10:00:00,0,0,1,0.0,0.0,15.7,1.5,9,0,0.0,False,0,12,0.25
2020-12-07 11:00:00,0,0,1,0.0,0.0,17.7,2.8,10,0,0.0,False,0,12,0.0
2020-12-07 12:00:00,0,0,1,0.0,0.0,18.8,2.5,11,0,0.0,False,0,12,0.0
2020-12-07 13:00:00,0,0,1,0.0,0.0,19.0,3.4,12,0,0.0,False,0,12,0.5
2020-12-07 14:00:00,0,1,1,1.0,0.0,18.2,3.6,13,0,0.0,False,0,12,0.25
2020-12-07 15:00:00,0,1,1,0.0,0.0,19.7,4.3,14,0,0.0,False,0,12,0.75
2020-12-07 16:00:00,0,1,1,0.0,0.0,18.0,4.6,15,0,0.0,False,0,12,0.5
2020-12-07 17:00:00,0,1,1,0.0,0.0,18.1,4.1,16,0,0.0,False,0,12,0.5
2020-12-07 18:00:00,0,1,1,1.0,0.0,19.9,3.2,17,0,0.0,False,0,12,0.5
2020-12-07 19:00:00,0,1,1,0.0,0.0,18.1,2.8,18,0,0.0,False,0,12,0.0
2020-12-07 20:00:00,0,1,1,0.0,0.0,17.6,3.2,19,0,0.0,False,0,12,0.5
2020-12-07 21:00:00,0,1,1,0.0,0.0,16.6,2.5,20,1,0.0,False,0,12,0.0
2020-12-07 22:00:00,0,1,1,0.0,0.0,14.9,1.0,21,0,1.0,False,0,12,0.0
2020-12-07 23:00:00,0,1,1,0.0,0.0,14.7,2.9,22,0,0.0,False,0,12,0.25
2020-12-07 00:00:00,0,1,1,0.0,0.0,13.6,2.8,23,0,0.0,False,0,12,0.0
2020-12-08 01:00:00,0,1,1,0.0,0.0,16.6,1.9,0,0,,False,1,12,0.0
2020-12-08 02:00:00,0,1,1,0.0,0.0,15.9,2.0,1,0,0.0,False,1,12,0.0
2020-12-08 03:00:00,0,1,1,0.0,0.0,15.6,1.4,2,0,0.0,False,1,12,0.0
2020-12-08 04:00:00,0,1,1,0.0,0.0,15.1,1.2,3,0,0.0,False,1,12,0.0
2020-12-08 05:00:00,0,1,1,0.0,0.0,14.6,1.8,4,0,0.0,False,1,12,0.0
2020-12-08 06:00:00,0,1,1,0.0,0.0,14.2,1.4,5,0,0.0,False,1,12,0.0
2020-12-08 07:00:00,0,1,1,0.0,0.0,15.4,1.4,6,1,0.0,False,1,12,0.0
2020-12-08 08:00:00,0,1,1,0.0,0.0,18.8,0.8,7,0,1.0,False,1,12,0.25
2020-12-08 09:00:00,0,1,1,0.0,0.0,19.4,1.0,8,1,0.0,False,1,12,0.0
2020-12-08 10:00:00,0,1,1,0.0,0.0,20.7,2.1,9,0,1.0,False,1,12,0.25
2020-12-08 11:00:00,0,1,1,0.0,0.0,22.1,2.6,10,1,0.0,False,1,12,0.0
2020-12-08 12:00:00,0,1,1,0.0,0.0,23.7,2.8,11,0,1.0,False,1,12,0.0
2020-12-08 13:00:00,0,1,1,0.0,0.0,25.0,2.4,12,0,0.0,False,1,12,0.0
2020-12-08 14:00:00,0,1,1,0.0,0.0,25.8,2.9,13,1,0.0,False,1,12,0.0
2020-12-08 15:00:00,0,1,1,0.0,0.0,25.6,3.5,14,0,1.0,False,1,12,0.0
2020-12-08 16:00:00,0,1,1,0.0,0.0,25.6,4.5,15,0,0.0,False,1,12,0.5
2020-12-08 17:00:00,0,1,1,1.0,0.0,25.1,4.7,16,0,0.0,False,1,12,0.25
2020-12-08 18:00:00,0,1,1,1.0,0.0,24.1,4.9,17,0,0.0,False,1,12,1.0
2020-12-08 19:00:00,0,1,1,0.0,0.0,23.6,3.1,18,0,0.0,False,1,12,0.0
2020-12-08 20:00:00,1,1,1,0.0,0.0,22.5,2.7,19,0,0.0,False,1,12,0.25
2020-12-08 21:00:00,1,1,1,0.0,0.0,21.0,2.5,20,0,0.0,False,1,12,0.25
2020-12-08 22:00:00,1,1,1,0.0,0.0,19.7,1.9,21,0,0.0,False,1,12,0.25
2020-12-08 23:00:00,1,0,1,0.0,0.0,18.6,1.9,22,0,0.0,False,1,12,0.0
2020-12-08 00:00:00,1,0,1,1.0,0.0,17.7,1.7,23,0,0.0,False,1,12,0.0
2020-12-09 01:00:00,1,0,1,1.0,0.0,12.4,4.1,0,0,,False,2,12,0.0
2020-12-09 02:00:00,1,0,1,1.0,0.0,12.4,2.6,1,0,0.0,False,2,12,0.0
2020-12-09 03:00:00,1,0,1,1.0,0.0,12.5,2.3,2,0,0.0,False,2,12,0.0
2020-12-09 04:00:00,1,0,1,1.0,0.0,12.4,1.6,3,0,0.0,False,2,12,0.0
2020-12-09 05:00:00,1,0,1,1.0,0.0,11.7,1.6,4,0,0.0,False,2,12,0.0
2020-12-09 06:00:00,1,0,1,1.0,0.0,11.0,1.4,5,0,0.0,False,2,12,0.0
2020-12-09 07:00:00,1,0,1,1.0,0.0,10.8,0.7,6,0,0.0,False,2,12,0.25
2020-12-09 08:00:00,1,0,1,0.0,0.0,11.2,0.9,7,1,0.0,False,2,12,0.25
2020-12-09 09:00:00,1,1,1,0.0,0.0,12.5,2.7,8,0,1.0,False,2,12,0.5
2020-12-09 10:00:00,1,1,1,0.0,0.0,13.0,3.1,9,0,0.0,False,2,12,0.25
2020-12-09 11:00:00,1,1,1,0.0,0.0,13.2,3.5,10,0,0.0,False,2,12,0.5
2020-12-09 12:00:00,1,1,1,0.0,0.1,13.0,3.2,11,0,0.0,False,2,12,0.0
2020-12-09 13:00:00,1,1,1,0.0,0.0,15.0,4.2,12,0,0.0,False,2,12,0.25
2020-12-09 14:00:00,1,1,1,0.0,0.0,16.0,5.7,13,0,0.0,False,2,12,0.0
2020-12-09 15:00:00,1,1,1,0.0,0.0,18.0,5.8,14,1,0.0,False,2,12,0.25
2020-12-09 16:00:00,1,1,1,0.0,0.0,16.2,5.8,15,0,1.0,False,2,12,0.25
2020-12-09 17:00:00,1,1,1,0.0,0.0,16.0,7.4,16,0,0.0,False,2,12,0.75
2020-12-09 18:00:00,1,1,1,1.0,0.0,15.8,6.2,17,0,0.0,False,2,12,0.5
2020-12-09 19:00:00,1,1,1,1.0,0.0,13.4,4.7,18,0,0.0,False,2,12,0.75
2020-12-09 20:00:00,1,1,1,1.0,0.0,11.8,5.4,19,0,0.0,False,2,12,0.25
2020-12-09 21:00:00,1,1,1,1.0,0.0,10.7,2.5,20,0,0.0,False,2,12,0.25
2020-12-09 22:00:00,1,1,1,1.0,0.0,9.8,3.8,21,1,0.0,False,2,12,0.5
2020-12-09 23:00:00,1,1,1,1.0,0.0,9.6,3.2,22,1,1.0,False,2,12,0.5
2020-12-09 00:00:00,1,1,1,1.0,0.0,9.0,1.8,23,0,1.0,False,2,12,0.0
2020-12-10 01:00:00,1,1,1,1.0,0.0,5.6,0.9,0,0,,False,3,12,0.0
2020-12-10 02:00:00,1,1,1,1.0,0.0,5.5,1.0,1,0,0.0,False,3,12,0.0
2020-12-10 03:00:00,1,1,1,1.0,0.0,6.0,0.8,2,0,0.0,False,3,12,0.0
2020-12-10 04:00:00,1,1,1,1.0,0.0,5.5,1.1,3,0,0.0,False,3,12,0.0
2020-12-10 05:00:00,1,1,1,1.0,0.0,4.7,0.9,4,0,0.0,False,3,12,0.0
2020-12-10 06:00:00,1,1,1,1.0,0.0,4.0,2.1,5,0,0.0,False,3,12,0.0
2020-12-10 07:00:00,1,1,1,1.0,0.0,3.5,1.1,6,0,0.0,False,3,12,0.0
2020-12-10 08:00:00,1,1,1,1.0,0.0,3.0,0.8,7,1,0.0,False,3,12,0.5
2020-12-10 09:00:00,1,1,1,1.0,0.0,4.6,1.1,8,0,1.0,False,3,12,0.0
2020-12-10 10:00:00,1,1,1,1.0,0.0,7.3,0.7,9,0,0.0,False,3,12,0.25
2020-12-10 11:00:00,1,1,1,0.0,0.0,8.5,0.8,10,0,0.0,False,3,12,0.0
2020-12-10 12:00:00,1,1,1,0.0,0.0,11.1,1.4,11,0,0.0,False,3,12,0.25
2020-12-10 13:00:00,1,1,1,0.0,0.0,11.7,1.5,12,0,0.0,False,3,12,0.0
2020-12-10 14:00:00,1,1,1,0.0,0.0,12.8,1.1,13,0,0.0,False,3,12,0.0
2020-12-10 15:00:00,1,1,1,1.0,0.0,12.6,1.8,14,0,0.0,False,3,12,0.25
2020-12-10 16:00:00,1,1,1,1.0,0.0,11.8,2.9,15,2,0.0,False,3,12,0.5
2020-12-10 17:00:00,1,1,1,1.0,0.0,11.7,1.4,16,0,2.0,False,3,12,0.5
2020-12-10 18:00:00,1,1,1,1.0,0.0,10.0,0.5,17,4,0.0,False,3,12,0.5
2020-12-10 19:00:00,1,1,1,1.0,0.0,6.9,2.1,18,0,4.0,False,3,12,0.25
2020-12-10 20:00:00,1,1,1,1.0,0.0,6.2,2.5,19,0,0.0,False,3,12,0.25
2020-12-10 21:00:00,1,1,1,1.0,0.0,5.3,2.0,20,1,0.0,False,3,12,0.0
2020-12-10 22:00:00,1,1,1,1.0,0.0,4.6,1.5,21,0,1.0,False,3,12,0.25
2020-12-10 23:00:00,1,1,1,1.0,0.0,4.2,1.9,22,0,0.0,False,3,12,0.25
2020-12-10 00:00:00,1,1,1,1.0,0.0,4.7,3.7,23,0,0.0,False,3,12,0.0
2020-12-11 01:00:00,1,1,1,1.0,0.1,6.0,2.0,0,0,,False,4,12,0.0
2020-12-11 02:00:00,1,1,1,1.0,0.2,5.9,2.2,1,0,0.0,False,4,12,0.0
2020-12-11 03:00:00,1,1,1,1.0,0.1,5.7,2.6,2,0,0.0,False,4,12,0.0
2020-12-11 04:00:00,1,1,1,1.0,0.1,5.5,1.9,3,0,0.0,False,4,12,0.0
2020-12-11 05:00:00,1,1,1,1.0,0.1,5.5,2.0,4,0,0.0,False,4,12,0.0
2020-12-11 06:00:00,1,1,1,1.0,0.0,5.4,1.8,5,0,0.0,False,4,12,0.0
2020-12-11 07:00:00,1,1,1,1.0,0.1,5.3,1.7,6,0,0.0,False,4,12,0.0
2020-12-11 08:00:00,1,1,1,1.0,0.0,5.2,1.6,7,1,0.0,False,4,12,0.5
2020-12-11 09:00:00,1,1,1,1.0,0.0,5.1,1.4,8,0,1.0,False,4,12,0.25
2020-12-11 10:00:00,1,1,1,1.0,0.0,5.2,1.4,9,0,0.0,False,4,12,0.0
2020-12-11 11:00:00,1,1,1,1.0,0.0,5.6,1.5,10,0,0.0,False,4,12,0.75
2020-12-11 12:00:00,1,1,1,1.0,0.0,5.8,1.7,11,0,0.0,False,4,12,0.25
2020-12-11 13:00:00,1,1,1,1.0,0.0,5.9,1.2,12,0,0.0,False,4,12,0.25
2020-12-11 14:00:00,1,1,1,1.0,0.0,5.7,2.0,13,0,0.0,False,4,12,1.0
2020-12-11 15:00:00,1,1,1,1.0,0.0,5.4,1.4,14,1,0.0,False,4,12,1.0
2020-12-11 16:00:00,1,1,1,1.0,0.0,5.7,1.9,15,0,1.0,False,4,12,0.25
2020-12-11 17:00:00,1,1,1,1.0,0.0,5.4,1.2,16,0,0.0,False,4,12,0.5
2020-12-11 18:00:00,1,1,1,1.0,0.0,5.3,1.4,17,0,0.0,False,4,12,0.25
2020-12-11 19:00:00,1,1,1,1.0,0.0,5.4,1.7,18,0,0.0,False,4,12,0.0
2020-12-11 20:00:00,1,1,1,1.0,0.0,5.5,1.8,19,0,0.0,False,4,12,0.0
2020-12-11 21:00:00,1,1,1,1.0,0.0,5.4,1.6,20,0,0.0,False,4,12,0.0
2020-12-11 22:00:00,1,1,1,1.0,0.0,5.3,1.6,21,0,0.0,False,4,12,0.0
2020-12-11 23:00:00,1,1,1,1.0,0.0,5.4,2.1,22,0,0.0,False,4,12,0.0
2020-12-11 00:00:00,1,1,1,1.0,0.0,5.0,2.2,23,0,0.0,False,4,12,0.0
2020-12-12 01:00:00,1,1,1,1.0,0.0,1.3,5.1,0,0,,False,5,12,0.25
2020-12-12 02:00:00,1,1,1,1.0,0.2,1.0,4.8,1,0,0.0,False,5,12,0.0
2020-12-12 03:00:00,1,1,1,1.0,0.1,0.8,5.4,2,0,0.0,False,5,12,0.0
2020-12-12 04:00:00,1,1,1,1.0,0.0,0.7,6.0,3,0,0.0,False,5,12,0.0
2020-12-12 05:00:00,1,1,1,1.0,0.0,0.8,6.0,4,0,0.0,False,5,12,0.0
2020-12-12 06:00:00,1,1,1,1.0,0.0,0.8,6.4,5,0,0.0,False,5,12,0.0
2020-12-12 07:00:00,1,1,1,1.0,0.0,1.0,5.6,6,0,0.0,False,5,12,0.0
2020-12-12 08:00:00,1,1,1,1.0,0.1,1.1,6.0,7,0,0.0,False,5,12,0.0
2020-12-12 09:00:00,1,1,1,1.0,0.0,1.2,4.3,8,0,0.0,False,5,12,0.0
2020-12-12 10:00:00,1,1,1,1.0,0.0,1.4,6.0,9,1,0.0,False,5,12,0.0
2020-12-12 11:00:00,1,1,1,1.0,0.0,1.3,6.1,10,0,1.0,False,5,12,0.25
2020-12-12 12:00:00,1,1,1,1.0,0.2,1.6,4.6,11,0,0.0,False,5,12,0.0
2020-12-12 13:00:00,1,1,1,1.0,0.0,1.5,5.0,12,0,0.0,False,5,12,0.5
2020-12-12 14:00:00,1,1,1,1.0,0.0,1.8,5.8,13,1,0.0,False,5,12,0.25
2020-12-12 15:00:00,1,1,1,1.0,0.0,2.1,6.8,14,0,1.0,False,5,12,0.25
2020-12-12 16:00:00,1,1,1,1.0,0.0,2.1,6.1,15,0,0.0,False,5,12,0.5
2020-12-12 17:00:00,1,1,1,1.0,0.0,2.0,5.9,16,0,0.0,False,5,12,1.25
2020-12-12 18:00:00,1,0,1,1.0,0.0,2.3,6.5,17,0,0.0,False,5,12,1.0
2020-12-12 19:00:00,1,0,1,1.0,0.0,2.3,5.1,18,0,0.0,False,5,12,0.0
2020-12-12 20:00:00,1,0,1,1.0,0.0,2.3,5.7,19,0,0.0,False,5,12,0.0
2020-12-12 21:00:00,1,0,1,1.0,0.0,2.4,5.0,20,0,0.0,False,5,12,0.25
2020-12-12 22:00:00,1,0,1,1.0,0.0,2.3,2.4,21,0,0.0,False,5,12,0.25
2020-12-12 23:00:00,1,0,1,1.0,0.0,2.4,1.8,22,0,0.0,False,5,12,0.0
2020-12-12 00:00:00,1,0,1,1.0,0.0,2.4,2.7,23,0,0.0,False,5,12,0.0
2020-12-13 01:00:00,1,0,1,1.0,0.0,2.5,2.6,0,0,,False,6,12,0.0
2020-12-13 02:00:00,1,1,1,1.0,0.0,2.5,4.6,1,0,0.0,False,6,12,0.0
2020-12-13 03:00:00,1,1,1,1.0,0.0,2.7,5.5,2,0,0.0,False,6,12,0.0
2020-12-13 04:00:00,1,1,1,1.0,0.0,2.7,3.6,3,0,0.0,False,6,12,0.0
2020-12-13 05:00:00,1,1,1,1.0,0.0,2.5,1.2,4,0,0.0,False,6,12,0.0
2020-12-13 06:00:00,1,1,1,1.0,0.0,2.6,2.8,5,0,0.0,False,6,12,0.0
2020-12-13 07:00:00,1,1,1,1.0,0.0,2.5,4.0,6,0,0.0,False,6,12,0.0
2020-12-13 08:00:00,1,1,1,1.0,0.0,2.7,2.3,7,0,0.0,False,6,12,0.0
2020-12-13 09:00:00,1,1,1,1.0,0.0,2.7,2.2,8,0,0.0,False,6,12,0.0
2020-12-13 10:00:00,1,1,1,1.0,0.0,2.6,3.6,9,0,0.0,False,6,12,0.0
2020-12-13 11:00:00,1,1,1,1.0,0.0,2.5,3.9,10,0,0.0,False,6,12,0.0
2020-12-13 12:00:00,1,1,1,1.0,0.0,2.4,4.2,11,0,0.0,False,6,12,0.0
2020-12-13 13:00:00,1,1,1,1.0,0.2,2.4,4.1,12,0,0.0,False,6,12,1.0
2020-12-13 14:00:00,1,1,1,1.0,0.2,2.3,3.5,13,0,0.0,False,6,12,0.25
2020-12-13 15:00:00,1,1,1,1.0,0.3,2.2,3.2,14,0,0.0,False,6,12,0.0
2020-12-13 16:00:00,1,1,1,1.0,0.1,2.1,2.2,15,0,0.0,False,6,12,0.5
2020-12-13 17:00:00,1,1,1,1.0,0.0,2.2,3.1,16,0,0.0,False,6,12,0.0
2020-12-13 18:00:00,1,1,1,1.0,0.1,2.3,2.9,17,0,0.0,False,6,12,0.5
2020-12-13 19:00:00,1,1,1,1.0,0.2,2.3,3.7,18,1,0.0,False,6,12,0.0
2020-12-13 20:00:00,1,1,1,1.0,0.4,2.5,2.7,19,0,1.0,False,6,12,0.0
2020-12-13 21:00:00,1,1,1,1.0,0.4,2.5,3.0,20,0,0.0,False,6,12,0.0
2020-12-13 22:00:00,1,1,1,1.0,0.1,2.9,2.1,21,0,0.0,False,6,12,0.0
2020-12-13 23:00:00,1,1,1,1.0,0.0,3.0,2.5,22,0,0.0,False,6,12,0.0
2020-12-13 00:00:00,1,1,1,1.0,0.0,3.3,1.8,23,0,0.0,False,6,12,0.0
2020-12-14 01:00:00,1,1,1,1.0,0.1,3.2,1.6,0,0,,False,0,12,0.0
2020-12-14 02:00:00,1,1,1,1.0,0.5,3.2,1.8,1,0,0.0,False,0,12,0.0
2020-12-14 03:00:00,1,1,1,1.0,0.8,3.3,1.2,2,0,0.0,False,0,12,0.0
2020-12-14 04:00:00,1,1,1,1.0,0.4,3.3,1.1,3,0,0.0,False,0,12,0.0
2020-12-14 05:00:00,1,1,1,1.0,0.2,3.0,2.0,4,0,0.0,False,0,12,0.0
2020-12-14 06:00:00,1,1,1,1.0,0.0,2.9,1.8,5,0,0.0,False,0,12,0.0
2020-12-14 07:00:00,1,1,1,1.0,0.0,2.9,2.9,6,0,0.0,False,0,12,0.25
2020-12-14 08:00:00,1,1,1,1.0,0.0,2.8,2.6,7,0,0.0,False,0,12,0.5
2020-12-14 09:00:00,1,1,1,1.0,0.0,2.7,2.0,8,0,0.0,False,0,12,0.75
2020-12-14 10:00:00,1,1,1,1.0,0.0,2.7,3.0,9,0,0.0,False,0,12,0.0
2020-12-14 11:00:00,1,1,1,1.0,0.0,3.0,1.5,10,1,0.0,False,0,12,0.5
2020-12-14 12:00:00,1,1,1,1.0,0.0,3.1,2.3,11,0,1.0,False,0,12,0.0
2020-12-14 13:00:00,1,1,1,1.0,0.0,3.1,2.1,12,0,0.0,False,0,12,0.0
2020-12-14 14:00:00,1,1,1,1.0,0.0,3.1,2.9,13,0,0.0,False,0,12,0.5
2020-12-14 15:00:00,1,1,1,1.0,0.1,2.8,3.1,14,0,0.0,False,0,12,0.0
2020-12-14 16:00:00,1,1,1,1.0,0.3,2.6,3.5,15,0,0.0,False,0,12,0.25
2020-12-14 17:00:00,1,1,1,1.0,0.8,2.1,2.8,16,0,0.0,False,0,12,0.0
2020-12-14 18:00:00,1,1,1,1.0,1.1,1.9,2.5,17,1,0.0,False,0,12,0.0
2020-12-14 19:00:00,1,1,1,1.0,0.6,2.0,2.6,18,0,1.0,False,0,12,0.0
2020-12-14 20:00:00,1,1,1,1.0,1.2,1.7,3.1,19,0,0.0,False,0,12,0.25
2020-12-14 21:00:00,1,1,1,1.0,2.1,1.4,2.1,20,0,0.0,False,0,12,0.0
2020-12-14 22:00:00,1,1,1,1.0,0.6,1.7,2.1,21,0,0.0,False,0,12,0.25
2020-12-14 23:00:00,1,1,1,0.0,1.9,1.1,2.7,22,0,0.0,False,0,12,0.0
2020-12-14 00:00:00,1,1,1,0.0,1.0,2.0,2.4,23,0,0.0,False,0,12,0.0
2020-12-15 01:00:00,1,1,1,0.0,0.4,1.7,3.2,0,0,,False,1,12,0.0
2020-12-15 02:00:00,1,1,1,0.0,0.1,1.9,2.4,1,0,0.0,False,1,12,0.0
2020-12-15 03:00:00,1,1,1,0.0,0.0,2.2,1.9,2,0,0.0,False,1,12,0.0
2020-12-15 04:00:00,1,1,1,0.0,0.0,2.0,2.1,3,0,0.0,False,1,12,0.0
2020-12-15 05:00:00,1,1,1,0.0,0.0,1.9,1.0,4,0,0.0,False,1,12,0.0
2020-12-15 06:00:00,1,1,1,0.0,0.0,1.8,0.6,5,0,0.0,False,1,12,0.0
2020-12-15 07:00:00,1,1,1,0.0,0.0,1.9,2.2,6,0,0.0,False,1,12,0.0
2020-12-15 08:00:00,1,1,1,0.0,0.0,2.0,1.7,7,0,0.0,False,1,12,0.0
2020-12-15 09:00:00,1,1,1,0.0,0.2,2.5,2.5,8,0,0.0,False,1,12,0.0
2020-12-15 10:00:00,1,1,1,0.0,0.1,2.7,3.8,9,0,0.0,False,1,12,0.25
2020-12-15 11:00:00,1,1,1,0.0,0.7,3.3,2.6,10,0,0.0,False,1,12,0.0
2020-12-15 12:00:00,1,1,1,0.0,2.2,3.6,1.9,11,0,0.0,False,1,12,0.25
2020-12-15 13:00:00,1,1,1,0.0,2.6,3.7,2.5,12,0,0.0,False,1,12,0.25
2020-12-15 14:00:00,1,1,1,0.0,2.3,3.9,2.2,13,0,0.0,False,1,12,0.25
2020-12-15 15:00:00,1,1,1,0.0,2.2,3.8,0.9,14,0,0.0,False,1,12,0.0
2020-12-15 16:00:00,1,1,1,0.0,2.6,4.0,1.3,15,0,0.0,False,1,12,0.5
2020-12-15 17:00:00,1,1,1,1.0,0.8,3.3,1.3,16,1,0.0,False,1,12,0.5
2020-12-15 18:00:00,1,1,1,1.0,0.2,3.2,1.6,17,1,1.0,False,1,12,0.25
2020-12-15 19:00:00,1,1,1,1.0,0.0,3.2,0.8,18,0,1.0,False,1,12,0.25
2020-12-15 20:00:00,1,1,1,1.0,0.0,2.3,0.5,19,0,0.0,False,1,12,0.5
2020-12-15 21:00:00,1,1,1,1.0,0.0,2.2,0.8,20,0,0.0,False,1,12,0.5
2020-12-15 22:00:00,1,1,1,1.0,0.0,2.2,0.6,21,0,0.0,False,1,12,0.5
2020-12-15 23:00:00,1,1,1,1.0,0.0,1.7,1.3,22,0,0.0,False,1,12,0.0
2020-12-15 00:00:00,1,1,1,1.0,0.0,1.8,0.8,23,0,0.0,False,1,12,0.0
2020-12-16 01:00:00,1,1,1,1.0,0.0,1.4,2.0,0,0,,False,2,12,0.0
2020-12-16 02:00:00,1,1,1,1.0,0.0,1.0,1.9,1,0,0.0,False,2,12,0.0
2020-12-16 03:00:00,1,1,1,1.0,0.0,0.5,0.4,2,0,0.0,False,2,12,0.0
2020-12-16 04:00:00,1,1,1,1.0,0.0,0.3,1.6,3,0,0.0,False,2,12,0.0
2020-12-16 05:00:00,1,1,1,1.0,0.0,0.2,1.0,4,0,0.0,False,2,12,0.0
2020-12-16 06:00:00,1,1,1,1.0,0.0,0.2,2.5,5,0,0.0,False,2,12,0.0
2020-12-16 07:00:00,1,1,1,1.0,0.0,0.2,2.6,6,0,0.0,False,2,12,0.0
2020-12-16 08:00:00,1,1,1,1.0,0.0,0.0,0.8,7,0,0.0,False,2,12,0.5
2020-12-16 09:00:00,1,1,1,0.0,0.0,-0.1,1.3,8,0,0.0,False,2,12,0.25
2020-12-16 10:00:00,1,1,1,0.0,0.0,-0.2,1.5,9,0,0.0,False,2,12,0.25
2020-12-16 11:00:00,1,1,1,0.0,0.0,-0.4,1.1,10,1,0.0,False,2,12,0.25
2020-12-16 12:00:00,1,1,1,0.0,0.0,-0.5,0.9,11,0,1.0,False,2,12,0.0
2020-12-16 13:00:00,1,1,1,0.0,0.0,-0.3,0.9,12,0,0.0,False,2,12,0.0
2020-12-16 14:00:00,1,1,1,0.0,0.0,-0.5,1.5,13,0,0.0,False,2,12,0.0
2020-12-16 15:00:00,1,1,1,1.0,0.0,-0.9,1.5,14,0,0.0,False,2,12,0.0
2020-12-16 16:00:00,1,1,1,1.0,0.0,-1.0,1.2,15,0,0.0,False,2,12,0.25
2020-12-16 17:00:00,1,1,1,1.0,0.0,-1.1,0.7,16,0,0.0,False,2,12,0.0
2020-12-16 18:00:00,1,1,1,1.0,0.0,-0.9,1.3,17,0,0.0,False,2,12,1.75
2020-12-16 19:00:00,1,1,1,1.0,0.0,-0.9,0.4,18,0,0.0,False,2,12,0.75
2020-12-16 20:00:00,1,1,1,1.0,0.0,-0.7,1.1,19,0,0.0,False,2,12,0.25
2020-12-16 21:00:00,1,1,1,1.0,0.0,-0.7,1.0,20,0,0.0,False,2,12,0.5
2020-12-16 22:00:00,1,1,1,1.0,0.0,-0.6,1.2,21,0,0.0,False,2,12,0.0
2020-12-16 23:00:00,1,1,1,1.0,0.0,-0.8,1.6,22,0,0.0,False,2,12,0.0
2020-12-16 00:00:00,1,1,1,1.0,0.0,-0.9,2.4,23,0,0.0,False,2,12,0.0
2020-12-17 01:00:00,1,1,1,1.0,0.0,-0.5,2.4,0,0,,False,3,12,0.0
2020-12-17 02:00:00,1,1,1,1.0,0.0,-0.1,2.1,1,0,0.0,False,3,12,0.0
2020-12-17 03:00:00,1,1,1,1.0,0.1,0.1,3.7,2,0,0.0,False,3,12,0.0
2020-12-17 04:00:00,1,1,1,1.0,0.0,0.4,3.6,3,0,0.0,False,3,12,0.0
2020-12-17 05:00:00,1,1,1,1.0,0.0,0.7,4.2,4,0,0.0,False,3,12,0.0
2020-12-17 06:00:00,1,1,1,1.0,0.1,1.3,3.8,5,0,0.0,False,3,12,0.0
2020-12-17 07:00:00,1,1,1,1.0,0.1,1.7,4.0,6,0,0.0,False,3,12,0.0
2020-12-17 08:00:00,1,1,1,1.0,0.3,2.2,3.6,7,0,0.0,False,3,12,0.25
2020-12-17 09:00:00,1,1,1,1.0,0.4,2.6,2.5,8,0,0.0,False,3,12,0.0
2020-12-17 10:00:00,1,1,1,1.0,0.4,2.6,2.6,9,0,0.0,False,3,12,0.0
2020-12-17 11:00:00,1,1,1,1.0,1.0,3.1,2.0,10,0,0.0,False,3,12,0.0
2020-12-17 12:00:00,1,1,1,1.0,0.5,3.9,2.5,11,0,0.0,False,3,12,0.0
2020-12-17 13:00:00,1,1,1,1.0,0.5,4.2,2.4,12,1,0.0,False,3,12,0.5
2020-12-17 14:00:00,1,1,1,1.0,0.3,4.4,3.1,13,0,1.0,False,3,12,0.25
2020-12-17 15:00:00,1,1,1,1.0,0.1,4.4,3.7,14,0,0.0,False,3,12,0.0
2020-12-17 16:00:00,1,1,1,1.0,0.5,4.5,4.3,15,0,0.0,False,3,12,0.5
2020-12-17 17:00:00,1,1,1,1.0,0.5,4.6,3.0,16,0,0.0,False,3,12,0.25
2020-12-17 18:00:00,1,1,1,1.0,1.3,4.6,2.6,17,0,0.0,False,3,12,0.5
2020-12-17 19:00:00,1,1,1,1.0,1.5,4.3,2.9,18,0,0.0,False,3,12,0.5
2020-12-17 20:00:00,1,1,1,1.0,1.6,4.2,2.8,19,0,0.0,False,3,12,0.0
2020-12-17 21:00:00,1,1,1,1.0,1.4,4.2,2.9,20,0,0.0,False,3,12,0.5
2020-12-17 22:00:00,1,1,1,1.0,1.0,4.0,1.5,21,0,0.0,False,3,12,0.0
2020-12-17 23:00:00,1,1,1,1.0,0.4,3.9,1.1,22,0,0.0,False,3,12,0.0
2020-12-17 00:00:00,1,1,1,1.0,0.1,3.5,0.5,23,0,0.0,False,3,12,0.0
2020-12-18 01:00:00,1,1,1,1.0,0.0,3.3,1.3,0,0,,False,4,12,0.25
2020-12-18 02:00:00,1,1,1,1.0,0.0,2.7,1.2,1,0,0.0,False,4,12,0.0
2020-12-18 03:00:00,1,1,1,1.0,0.0,1.7,0.9,2,0,0.0,False,4,12,0.0
2020-12-18 04:00:00,1,1,1,1.0,0.0,1.9,0.2,3,0,0.0,False,4,12,0.0
2020-12-18 05:00:00,1,1,1,1.0,0.0,1.8,1.0,4,0,0.0,False,4,12,0.0
2020-12-18 06:00:00,1,1,1,1.0,0.0,1.4,1.3,5,0,0.0,False,4,12,0.0
2020-12-18 07:00:00,1,1,1,1.0,0.0,1.1,1.1,6,0,0.0,False,4,12,0.0
2020-12-18 08:00:00,1,1,1,1.0,0.0,1.0,1.6,7,0,0.0,False,4,12,0.5
2020-12-18 09:00:00,1,1,1,1.0,0.0,0.9,0.3,8,0,0.0,False,4,12,0.0
2020-12-18 10:00:00,1,1,1,1.0,0.0,0.5,1.2,9,0,0.0,False,4,12,0.75
2020-12-18 11:00:00,1,1,1,1.0,0.0,0.5,1.3,10,0,0.0,False,4,12,0.25
2020-12-18 12:00:00,1,1,1,0.0,0.0,0.6,1.3,11,0,0.0,False,4,12,0.75
2020-12-18 13:00:00,1,1,1,1.0,0.0,0.8,0.9,12,0,0.0,False,4,12,0.5
2020-12-18 14:00:00,1,1,1,0.0,0.4,1.2,1.9,13,0,0.0,False,4,12,0.25
2020-12-18 15:00:00,1,1,1,0.0,0.3,1.6,2.6,14,0,0.0,False,4,12,0.0
2020-12-18 16:00:00,1,1,1,0.0,0.5,2.5,2.9,15,0,0.0,False,4,12,0.0
2020-12-18 17:00:00,1,1,1,1.0,0.9,3.4,2.4,16,0,0.0,False,4,12,0.25
2020-12-18 18:00:00,1,1,1,1.0,0.8,3.4,1.7,17,0,0.0,False,4,12,0.0
2020-12-18 19:00:00,1,1,1,1.0,0.2,4.7,2.0,18,1,0.0,False,4,12,0.25
2020-12-18 20:00:00,1,1,1,0.0,0.1,4.2,0.5,19,1,1.0,False,4,12,0.5
2020-12-18 21:00:00,1,1,1,0.0,0.2,4.6,1.5,20,0,1.0,False,4,12,0.0
2020-12-18 22:00:00,1,1,1,0.0,0.0,4.8,0.8,21,0,0.0,False,4,12,0.0
2020-12-18 23:00:00,1,1,1,0.0,0.0,5.1,0.9,22,0,0.0,False,4,12,0.0
2020-12-18 00:00:00,1,1,1,1.0,0.0,5.2,0.8,23,0,0.0,False,4,12,0.0
2020-12-19 01:00:00,1,1,1,1.0,0.2,6.0,1.1,0,0,,False,5,12,0.5
2020-12-19 02:00:00,1,1,1,1.0,0.3,5.9,1.1,1,0,0.0,False,5,12,0.0
2020-12-19 03:00:00,1,1,1,1.0,0.7,5.5,1.3,2,0,0.0,False,5,12,0.0
2020-12-19 04:00:00,1,1,1,1.0,0.2,5.9,1.1,3,0,0.0,False,5,12,0.0
2020-12-19 05:00:00,1,1,1,1.0,0.1,7.0,3.6,4,0,0.0,False,5,12,0.0
2020-12-19 06:00:00,1,1,1,1.0,0.2,7.2,4.8,5,0,0.0,False,5,12,0.0
2020-12-19 07:00:00,1,1,1,1.0,0.0,7.1,4.5,6,0,0.0,False,5,12,0.0
2020-12-19 08:00:00,1,1,1,1.0,0.0,7.1,3.6,7,0,0.0,False,5,12,0.0
2020-12-19 09:00:00,1,1,1,1.0,0.0,7.0,4.2,8,1,0.0,False,5,12,0.0
2020-12-19 10:00:00,1,1,1,1.0,0.6,7.0,4.2,9,0,1.0,False,5,12,0.0
2020-12-19 11:00:00,1,1,1,1.0,2.3,7.0,3.4,10,0,0.0,False,5,12,0.0
2020-12-19 12:00:00,1,1,1,1.0,0.7,6.9,3.1,11,0,0.0,False,5,12,0.0
2020-12-19 13:00:00,1,1,1,1.0,0.0,6.7,4.0,12,0,0.0,False,5,12,0.25
2020-12-19 14:00:00,1,1,1,0.0,0.2,6.6,3.4,13,0,0.0,False,5,12,0.0
2020-12-19 15:00:00,1,1,1,1.0,0.1,6.5,2.7,14,1,0.0,False,5,12,0.25
2020-12-19 16:00:00,1,1,1,1.0,0.0,6.4,3.2,15,0,1.0,False,5,12,1.25
2020-12-19 17:00:00,1,1,1,0.0,0.1,6.3,4.0,16,0,0.0,False,5,12,0.25
2020-12-19 18:00:00,1,1,1,0.0,0.1,6.2,3.0,17,0,0.0,False,5,12,0.5
2020-12-19 19:00:00,1,1,1,0.0,0.2,6.1,4.3,18,0,0.0,False,5,12,0.0
2020-12-19 20:00:00,1,1,1,0.0,0.3,6.0,2.5,19,0,0.0,False,5,12,0.25
2020-12-19 21:00:00,1,1,1,0.0,0.2,5.8,3.7,20,0,0.0,False,5,12,0.25
2020-12-19 22:00:00,1,1,1,0.0,0.2,5.7,3.7,21,0,0.0,False,5,12,0.25
2020-12-19 23:00:00,1,1,1,0.0,0.3,5.7,3.0,22,1,0.0,False,5,12,0.0
2020-12-19 00:00:00,1,1,1,0.0,0.3,5.9,3.3,23,0,1.0,False,5,12,0.0
2020-12-20 01:00:00,1,1,1,0.0,0.1,5.8,4.0,0,0,,False,6,12,0.0
2020-12-20 02:00:00,1,1,1,0.0,0.3,5.7,3.8,1,0,0.0,False,6,12,0.0
2020-12-20 03:00:00,1,1,1,0.0,0.2,5.7,2.8,2,0,0.0,False,6,12,0.0
2020-12-20 04:00:00,1,1,1,0.0,0.2,5.8,3.3,3,0,0.0,False,6,12,0.0
2020-12-20 05:00:00,1,1,1,0.0,0.1,6.2,4.2,4,0,0.0,False,6,12,0.0
2020-12-20 06:00:00,1,1,1,0.0,0.0,6.9,3.7,5,0,0.0,False,6,12,0.0
2020-12-20 07:00:00,1,1,1,0.0,0.0,7.3,3.6,6,0,0.0,False,6,12,0.0
2020-12-20 08:00:00,1,1,1,0.0,0.3,7.5,3.6,7,0,0.0,False,6,12,0.0
2020-12-20 09:00:00,1,1,1,0.0,0.4,7.4,2.5,8,0,0.0,False,6,12,0.0
2020-12-20 10:00:00,1,1,1,0.0,0.0,7.2,3.4,9,0,0.0,False,6,12,0.0
2020-12-20 11:00:00,1,1,1,0.0,0.0,7.4,2.6,10,0,0.0,False,6,12,0.0
2020-12-20 12:00:00,1,1,1,0.0,0.1,7.5,4.1,11,0,0.0,False,6,12,0.0
2020-12-20 13:00:00,1,1,1,0.0,0.1,7.6,4.2,12,0,0.0,False,6,12,0.75
2020-12-20 14:00:00,1,1,1,1.0,0.1,7.5,4.3,13,0,0.0,False,6,12,0.25
2020-12-20 15:00:00,1,1,1,1.0,0.1,7.2,2.8,14,0,0.0,False,6,12,0.5
2020-12-20 16:00:00,1,1,1,1.0,0.1,7.3,2.7,15,0,0.0,False,6,12,1.0
2020-12-20 17:00:00,1,0,1,1.0,0.0,7.3,3.8,16,0,0.0,False,6,12,0.75
2020-12-20 18:00:00,1,0,1,0.0,0.0,7.3,4.0,17,0,0.0,False,6,12,0.0
2020-12-20 19:00:00,1,0,1,1.0,0.0,7.3,4.1,18,0,0.0,False,6,12,0.0
2020-12-20 20:00:00,1,0,1,1.0,0.0,7.4,4.4,19,0,0.0,False,6,12,0.0
2020-12-20 21:00:00,1,0,1,1.0,0.0,7.3,3.8,20,0,0.0,False,6,12,0.5
2020-12-20 22:00:00,1,0,1,0.0,0.0,7.0,2.4,21,0,0.0,False,6,12,0.0
2020-12-20 23:00:00,1,0,1,0.0,0.0,6.7,5.1,22,0,0.0,False,6,12,0.0
2020-12-20 00:00:00,1,0,1,0.0,0.0,6.1,4.1,23,0,0.0,False,6,12,0.0
2020-12-21 01:00:00,1,0,1,0.0,0.0,6.0,3.2,0,0,,False,0,12,0.0
2020-12-21 02:00:00,1,0,1,0.0,0.0,5.9,3.8,1,0,0.0,False,0,12,0.0
2020-12-21 03:00:00,1,0,1,0.0,0.0,6.0,3.2,2,0,0.0,False,0,12,0.0
2020-12-21 04:00:00,1,0,1,0.0,0.1,5.8,2.2,3,0,0.0,False,0,12,0.0
2020-12-21 05:00:00,1,0,1,0.0,0.0,5.8,2.9,4,0,0.0,False,0,12,0.0
2020-12-21 06:00:00,1,0,1,0.0,0.0,5.6,3.4,5,0,0.0,False,0,12,0.0
2020-12-21 07:00:00,1,0,1,0.0,0.0,5.6,1.3,6,1,0.0,False,0,12,0.0
2020-12-21 08:00:00,1,0,1,0.0,0.0,5.5,1.7,7,0,1.0,False,0,12,0.25
2020-12-21 09:00:00,1,1,1,0.0,0.0,5.7,2.6,8,0,0.0,False,0,12,0.25
2020-12-21 10:00:00,1,1,1,0.0,0.0,5.4,2.0,9,1,0.0,False,0,12,0.25
2020-12-21 11:00:00,1,1,1,0.0,0.0,5.5,2.0,10,0,1.0,False,0,12,0.75
2020-12-21 12:00:00,1,1,1,0.0,0.1,5.4,1.8,11,0,0.0,False,0,12,0.25
2020-12-21 13:00:00,1,1,1,0.0,0.0,5.5,2.8,12,0,0.0,False,0,12,0.25
2020-12-21 14:00:00,1,1,1,0.0,0.0,5.5,3.2,13,0,0.0,False,0,12,0.25
2020-12-21 15:00:00,1,1,1,0.0,0.0,6.1,3.0,14,0,0.0,False,0,12,0.25
2020-12-21 16:00:00,1,1,1,0.0,0.0,5.3,1.9,15,0,0.0,False,0,12,0.0
2020-12-21 17:00:00,1,1,1,0.0,0.0,4.8,2.0,16,0,0.0,False,0,12,0.0
2020-12-21 18:00:00,1,1,1,1.0,0.0,4.3,1.1,17,0,0.0,False,0,12,0.25
2020-12-21 19:00:00,1,1,1,1.0,0.0,4.4,2.4,18,0,0.0,False,0,12,0.5
2020-12-21 20:00:00,1,1,1,1.0,0.0,4.3,1.8,19,0,0.0,False,0,12,0.5
2020-12-21 21:00:00,1,1,1,1.0,0.0,3.3,0.9,20,0,0.0,False,0,12,1.0
2020-12-21 22:00:00,1,0,1,0.0,0.0,3.9,1.0,21,0,0.0,False,0,12,0.25
2020-12-21 23:00:00,1,0,1,0.0,0.0,4.3,1.2,22,0,0.0,False,0,12,0.0
2020-12-21 00:00:00,1,0,1,0.0,0.0,4.8,3.5,23,0,0.0,False,0,12,0.0
2020-12-22 01:00:00,1,0,1,0.0,0.2,4.7,2.6,0,0,,False,1,12,0.0
2020-12-22 02:00:00,1,0,1,0.0,0.0,5.1,2.7,1,0,0.0,False,1,12,0.0
2020-12-22 03:00:00,1,0,1,0.0,0.0,5.1,3.2,2,0,0.0,False,1,12,0.0
2020-12-22 04:00:00,1,0,1,0.0,0.0,5.1,2.6,3,0,0.0,False,1,12,0.0
2020-12-22 05:00:00,1,0,1,0.0,0.0,4.8,3.4,4,0,0.0,False,1,12,0.0
2020-12-22 06:00:00,1,0,1,0.0,0.1,4.6,3.7,5,0,0.0,False,1,12,0.0
2020-12-22 07:00:00,1,0,1,0.0,0.6,4.5,3.1,6,0,0.0,False,1,12,0.0
2020-12-22 08:00:00,1,0,1,0.0,0.2,4.5,2.7,7,0,0.0,False,1,12,0.25
2020-12-22 09:00:00,1,0,1,0.0,0.1,4.4,2.9,8,0,0.0,False,1,12,0.0
2020-12-22 10:00:00,1,1,1,0.0,0.3,4.2,2.9,9,0,0.0,False,1,12,0.0
2020-12-22 11:00:00,1,1,1,0.0,1.2,3.7,1.7,10,0,0.0,False,1,12,0.0
2020-12-22 12:00:00,1,1,1,0.0,0.4,3.6,1.1,11,0,0.0,False,1,12,0.0
2020-12-22 13:00:00,1,1,1,0.0,1.3,3.6,0.9,12,0,0.0,False,1,12,0.0
2020-12-22 14:00:00,1,1,1,0.0,0.5,3.6,2.3,13,0,0.0,False,1,12,0.25
2020-12-22 15:00:00,1,1,1,0.0,0.2,3.8,1.0,14,0,0.0,False,1,12,0.25
2020-12-22 16:00:00,1,1,1,0.0,0.0,3.9,0.8,15,0,0.0,False,1,12,0.25
2020-12-22 17:00:00,1,1,1,1.0,0.0,3.8,1.5,16,0,0.0,False,1,12,0.0
2020-12-22 18:00:00,1,1,1,1.0,0.0,3.7,2.1,17,0,0.0,False,1,12,1.0
2020-12-22 19:00:00,1,1,1,0.0,0.0,3.8,2.3,18,0,0.0,False,1,12,0.25
2020-12-22 20:00:00,1,1,1,0.0,0.0,3.7,2.6,19,0,0.0,False,1,12,0.25
2020-12-22 21:00:00,1,1,1,1.0,0.0,3.9,2.7,20,0,0.0,False,1,12,0.0
2020-12-22 22:00:00,1,1,1,1.0,0.0,3.7,2.9,21,0,0.0,False,1,12,0.0
2020-12-22 23:00:00,1,1,1,1.0,0.0,3.4,2.2,22,0,0.0,False,1,12,0.0
2020-12-22 00:00:00,1,1,1,1.0,0.0,3.4,1.6,23,0,0.0,False,1,12,0.0
2020-12-23 01:00:00,1,1,1,,0.0,3.3,1.7,0,0,,False,2,12,0.25
2020-12-23 02:00:00,1,1,1,,0.0,3.0,1.8,1,0,0.0,False,2,12,0.0
2020-12-23 03:00:00,1,1,1,,0.0,2.2,2.8,2,0,0.0,False,2,12,0.0
2020-12-23 04:00:00,1,1,1,,0.0,1.6,2.7,3,0,0.0,False,2,12,0.0
2020-12-23 05:00:00,1,1,1,,0.0,0.9,2.0,4,0,0.0,False,2,12,0.0
2020-12-23 06:00:00,1,1,1,,0.0,0.5,0.6,5,0,0.0,False,2,12,0.0
2020-12-23 07:00:00,1,1,1,,0.0,-0.1,0.9,6,0,0.0,False,2,12,0.0
2020-12-23 08:00:00,1,1,1,,0.0,0.0,0.9,7,0,0.0,False,2,12,0.0
2020-12-23 09:00:00,1,1,1,,0.0,0.0,2.1,8,0,0.0,False,2,12,0.0
2020-12-23 10:00:00,1,1,1,,0.0,-0.2,1.6,9,0,0.0,False,2,12,0.0
2020-12-23 11:00:00,1,1,1,,0.0,-0.4,1.2,10,0,0.0,False,2,12,0.0
2020-12-23 12:00:00,1,1,1,,0.0,0.8,1.2,11,1,0.0,False,2,12,0.5
2020-12-23 13:00:00,1,1,0,,0.0,1.6,1.0,12,0,1.0,False,2,12,0.25
2020-12-23 14:00:00,1,1,0,,0.0,1.9,2.1,13,0,0.0,False,2,12,0.25
2020-12-23 15:00:00,1,1,0,,0.0,1.8,1.2,14,0,0.0,False,2,12,0.0
2020-12-23 16:00:00,1,1,0,,0.0,0.6,0.3,15,0,0.0,False,2,12,0.0
2020-12-23 17:00:00,1,1,0,,0.0,0.2,0.7,16,0,0.0,False,2,12,0.0
2020-12-23 18:00:00,1,1,0,,0.0,-0.1,2.5,17,0,0.0,False,2,12,0.25
2020-12-23 19:00:00,1,1,0,,0.0,-0.3,1.5,18,0,0.0,False,2,12,0.0
2020-12-23 20:00:00,1,1,0,,0.0,-1.1,0.6,19,0,0.0,False,2,12,0.0
2020-12-23 21:00:00,1,1,0,,0.0,-1.5,0.4,20,0,0.0,False,2,12,0.25
2020-12-23 22:00:00,1,1,0,,0.0,-0.9,0.8,21,0,0.0,False,2,12,0.25
2020-12-23 23:00:00,1,1,0,,0.0,-1.0,1.3,22,0,0.0,False,2,12,0.25
2020-12-23 00:00:00,1,1,0,,0.0,-1.4,1.3,23,0,0.0,False,2,12,0.0
2020-12-24 01:00:00,1,1,0,,0.0,0.0,1.8,0,0,,False,3,12,0.0
2020-12-24 02:00:00,1,1,0,,0.0,-0.5,1.3,1,0,0.0,False,3,12,0.0
2020-12-24 03:00:00,1,1,0,,0.0,-1.1,0.6,2,0,0.0,False,3,12,0.0
2020-12-24 04:00:00,1,1,0,,0.0,-0.7,1.0,3,0,0.0,False,3,12,0.0
2020-12-24 05:00:00,1,1,0,,0.0,-0.7,0.6,4,0,0.0,False,3,12,0.0
2020-12-24 06:00:00,1,1,0,,0.0,-0.1,0.6,5,0,0.0,False,3,12,0.0
2020-12-24 07:00:00,1,1,0,,0.0,-1.3,1.6,6,0,0.0,False,3,12,0.0
2020-12-24 08:00:00,1,1,0,,0.0,-0.2,3.1,7,0,0.0,False,3,12,0.0
2020-12-24 09:00:00,1,1,0,,0.0,0.7,4.0,8,0,0.0,False,3,12,0.0
2020-12-24 10:00:00,1,1,0,,0.0,0.2,3.7,9,0,0.0,False,3,12,0.0
2020-12-24 11:00:00,1,1,0,,0.0,0.5,5.1,10,0,0.0,False,3,12,0.0
2020-12-24 12:00:00,1,1,0,,0.0,1.3,3.0,11,0,0.0,False,3,12,0.0
2020-12-24 13:00:00,1,1,0,,0.0,1.1,2.3,12,0,0.0,False,3,12,0.0
2020-12-24 14:00:00,1,1,0,,0.0,2.4,2.9,13,0,0.0,False,3,12,0.25
2020-12-24 15:00:00,1,1,0,,0.0,2.4,3.8,14,0,0.0,False,3,12,0.25
2020-12-24 16:00:00,1,1,0,,0.0,2.0,4.4,15,0,0.0,False,3,12,0.25
2020-12-24 17:00:00,1,1,0,,0.0,1.5,3.6,16,0,0.0,False,3,12,0.0
2020-12-24 18:00:00,1,1,0,,0.0,0.3,1.4,17,0,0.0,False,3,12,0.0
2020-12-24 19:00:00,1,1,0,,0.0,0.8,1.9,18,0,0.0,False,3,12,0.0
2020-12-24 20:00:00,1,1,0,,0.0,1.2,3.2,19,0,0.0,False,3,12,0.0
2020-12-24 21:00:00,1,1,0,,0.0,-0.3,2.4,20,0,0.0,False,3,12,0.0
2020-12-24 22:00:00,1,1,0,,0.0,-1.2,1.3,21,0,0.0,False,3,12,0.0
2020-12-24 23:00:00,1,1,0,,0.0,-1.4,2.0,22,0,0.0,False,3,12,0.0
2020-12-24 00:00:00,1,1,0,,0.0,-2.0,1.4,23,0,0.0,False,3,12,0.0
2020-12-25 01:00:00,1,1,0,,0.0,-1.7,1.2,0,0,,True,4,12,0.0
2020-12-25 02:00:00,1,1,0,,0.0,-1.4,0.8,1,0,0.0,True,4,12,0.0
2020-12-25 03:00:00,1,1,0,,0.0,-1.2,1.2,2,0,0.0,True,4,12,0.0
2020-12-25 04:00:00,1,1,0,,0.0,-0.4,1.5,3,0,0.0,True,4,12,0.0
2020-12-25 05:00:00,1,1,0,,0.0,-0.2,1.2,4,0,0.0,True,4,12,0.0
2020-12-25 06:00:00,1,1,0,,0.0,-0.4,1.5,5,0,0.0,True,4,12,0.0
2020-12-25 07:00:00,1,1,0,,0.0,-0.5,1.3,6,0,0.0,True,4,12,0.0
2020-12-25 08:00:00,1,1,0,,0.0,-1.2,0.9,7,0,0.0,True,4,12,0.0
2020-12-25 09:00:00,1,1,0,,0.0,-1.5,2.5,8,0,0.0,True,4,12,0.0
2020-12-25 10:00:00,1,1,0,,0.0,-0.5,2.4,9,0,0.0,True,4,12,0.0
2020-12-25 11:00:00,1,1,0,,0.0,-2.0,1.5,10,0,0.0,True,4,12,0.0
2020-12-25 12:00:00,1,1,0,,0.0,-0.8,1.4,11,0,0.0,True,4,12,0.0
2020-12-25 13:00:00,1,1,0,,0.0,0.2,1.4,12,0,0.0,True,4,12,0.0
2020-12-25 14:00:00,1,1,0,,0.0,1.1,1.2,13,2,0.0,True,4,12,0.0
2020-12-25 15:00:00,1,1,0,,0.0,0.7,0.6,14,0,2.0,True,4,12,0.0
2020-12-25 16:00:00,1,1,0,,0.0,-0.5,0.7,15,0,0.0,True,4,12,0.0
2020-12-25 17:00:00,1,1,0,,0.0,-1.5,0.9,16,0,0.0,True,4,12,0.0
2020-12-25 18:00:00,1,1,1,,0.0,-1.8,2.8,17,0,0.0,True,4,12,0.0
2020-12-25 19:00:00,1,1,1,,0.0,-2.8,0.5,18,0,0.0,True,4,12,0.0
2020-12-25 20:00:00,1,1,1,,0.0,-3.2,2.2,19,0,0.0,True,4,12,0.0
2020-12-25 21:00:00,1,1,1,,0.0,-3.0,0.8,20,0,0.0,True,4,12,0.0
2020-12-25 22:00:00,1,1,1,,0.0,-3.0,0.3,21,0,0.0,True,4,12,0.0
2020-12-25 23:00:00,1,1,1,,0.0,-2.9,1.3,22,0,0.0,True,4,12,0.0
2020-12-25 00:00:00,1,1,1,,0.0,-3.1,0.4,23,0,0.0,True,4,12,0.0
2020-12-26 01:00:00,1,1,1,,0.0,-3.0,0.6,0,0,,True,5,12,0.0
2020-12-26 02:00:00,1,1,1,,0.0,-2.8,1.6,1,0,0.0,True,5,12,0.0
2020-12-26 03:00:00,1,1,1,,0.0,-2.6,0.3,2,0,0.0,True,5,12,0.0
2020-12-26 04:00:00,1,1,1,,0.0,-2.5,0.9,3,0,0.0,True,5,12,0.0
2020-12-26 05:00:00,1,1,1,,0.0,-2.4,2.2,4,0,0.0,True,5,12,0.0
2020-12-26 06:00:00,1,1,1,,0.1,-2.3,2.3,5,0,0.0,True,5,12,0.0
2020-12-26 07:00:00,1,1,1,,0.0,-2.4,1.9,6,0,0.0,True,5,12,0.0
2020-12-26 08:00:00,1,1,1,,0.0,-2.2,1.7,7,0,0.0,True,5,12,0.0
2020-12-26 09:00:00,1,1,1,,0.3,-2.0,2.1,8,0,0.0,True,5,12,0.0
2020-12-26 10:00:00,1,1,1,,0.4,-1.6,2.2,9,0,0.0,True,5,12,0.0
2020-12-26 11:00:00,1,1,1,,0.5,-1.3,1.0,10,0,0.0,True,5,12,0.0
2020-12-26 12:00:00,1,1,1,,1.5,-0.9,1.0,11,0,0.0,True,5,12,0.0
2020-12-26 13:00:00,1,1,1,,1.7,-0.4,1.0,12,0,0.0,True,5,12,0.0
2020-12-26 14:00:00,1,1,1,,2.1,-0.1,0.8,13,0,0.0,True,5,12,0.0
2020-12-26 15:00:00,1,1,1,,1.9,0.1,2.0,14,0,0.0,True,5,12,0.0
2020-12-26 16:00:00,1,1,1,,1.4,0.4,2.6,15,0,0.0,True,5,12,0.0
2020-12-26 17:00:00,1,1,1,,0.9,0.7,2.4,16,0,0.0,True,5,12,0.0
2020-12-26 18:00:00,1,1,1,,1.4,1.6,0.9,17,0,0.0,True,5,12,0.0
2020-12-26 19:00:00,1,1,1,,0.5,2.3,2.8,18,0,0.0,True,5,12,0.0
2020-12-26 20:00:00,1,1,1,,0.6,2.9,3.0,19,0,0.0,True,5,12,0.0
2020-12-26 21:00:00,1,1,1,,1.0,3.3,4.3,20,0,0.0,True,5,12,0.0
2020-12-26 22:00:00,1,1,1,,0.4,3.5,3.7,21,1,0.0,True,5,12,0.0
2020-12-26 23:00:00,1,1,1,,0.1,3.6,3.3,22,0,1.0,True,5,12,0.0
2020-12-26 00:00:00,1,1,1,,0.4,3.4,2.4,23,0,0.0,True,5,12,0.0
2020-12-27 01:00:00,1,1,1,,0.5,3.7,4.4,0,0,,False,6,12,0.0
2020-12-27 02:00:00,1,1,1,,1.2,4.0,4.1,1,0,0.0,False,6,12,0.0
2020-12-27 03:00:00,1,1,1,,0.7,4.2,5.1,2,0,0.0,False,6,12,0.0
2020-12-27 04:00:00,1,1,1,,1.3,4.3,4.1,3,0,0.0,False,6,12,0.0
2020-12-27 05:00:00,1,1,1,,1.6,4.8,5.1,4,0,0.0,False,6,12,0.0
2020-12-27 06:00:00,1,1,1,,0.7,5.0,6.9,5,0,0.0,False,6,12,0.0
2020-12-27 07:00:00,1,1,1,,1.2,4.9,6.9,6,0,0.0,False,6,12,0.0
2020-12-27 08:00:00,1,1,1,,1.3,4.8,6.9,7,0,0.0,False,6,12,0.0
2020-12-27 09:00:00,1,1,1,,1.4,4.8,6.9,8,0,0.0,False,6,12,0.0
2020-12-27 10:00:00,1,1,1,,1.3,4.8,6.5,9,0,0.0,False,6,12,0.0
2020-12-27 11:00:00,1,1,1,,1.7,4.4,7.1,10,0,0.0,False,6,12,0.0
2020-12-27 12:00:00,1,1,1,,2.4,3.3,5.3,11,0,0.0,False,6,12,0.0
2020-12-27 13:00:00,1,1,1,,2.7,1.3,2.7,12,0,0.0,False,6,12,0.0
2020-12-27 14:00:00,1,1,1,,1.8,1.5,4.0,13,1,0.0,False,6,12,0.0
2020-12-27 15:00:00,1,1,1,,1.4,2.0,4.0,14,0,1.0,False,6,12,0.0
2020-12-27 16:00:00,1,1,1,,1.0,2.1,3.5,15,0,0.0,False,6,12,0.0
2020-12-27 17:00:00,1,1,1,,0.5,2.3,4.8,16,0,0.0,False,6,12,0.0
2020-12-27 18:00:00,1,1,1,,0.7,1.7,4.3,17,0,0.0,False,6,12,0.0
2020-12-27 19:00:00,1,1,1,,0.7,1.4,4.2,18,0,0.0,False,6,12,0.0
2020-12-27 20:00:00,1,1,1,,0.7,1.4,4.1,19,0,0.0,False,6,12,0.0
2020-12-27 21:00:00,1,1,1,,1.0,1.3,3.5,20,0,0.0,False,6,12,0.0
2020-12-27 22:00:00,1,1,1,,0.4,1.7,2.9,21,0,0.0,False,6,12,0.0
2020-12-27 23:00:00,1,1,1,,0.5,1.5,2.4,22,0,0.0,False,6,12,0.0
2020-12-27 00:00:00,1,1,1,,0.2,1.4,3.7,23,0,0.0,False,6,12,0.0
2020-12-28 01:00:00,1,1,1,1.0,0.6,1.2,1.5,0,0,,False,0,12,0.0
2020-12-28 02:00:00,1,1,1,1.0,0.3,1.2,3.1,1,0,0.0,False,0,12,0.0
2020-12-28 03:00:00,1,1,1,1.0,0.7,1.2,3.7,2,0,0.0,False,0,12,0.0
2020-12-28 04:00:00,1,1,1,1.0,0.9,1.1,2.7,3,0,0.0,False,0,12,0.0
2020-12-28 05:00:00,1,1,1,1.0,0.6,1.2,3.2,4,0,0.0,False,0,12,0.0
2020-12-28 06:00:00,1,1,1,1.0,0.5,1.2,2.4,5,0,0.0,False,0,12,0.0
2020-12-28 07:00:00,1,1,1,1.0,0.5,1.1,2.7,6,0,0.0,False,0,12,0.25
2020-12-28 08:00:00,1,1,1,1.0,0.7,0.9,2.1,7,0,0.0,False,0,12,0.0
2020-12-28 09:00:00,1,1,1,1.0,0.6,1.1,2.7,8,0,0.0,False,0,12,0.0
2020-12-28 10:00:00,1,1,1,1.0,1.0,1.1,3.0,9,0,0.0,False,0,12,0.25
2020-12-28 11:00:00,1,1,1,1.0,0.7,1.3,3.9,10,0,0.0,False,0,12,0.0
2020-12-28 12:00:00,1,1,1,1.0,0.8,1.2,3.9,11,0,0.0,False,0,12,0.0
2020-12-28 13:00:00,1,1,1,1.0,0.8,1.3,3.4,12,0,0.0,False,0,12,0.0
2020-12-28 14:00:00,1,1,1,1.0,0.9,1.1,3.6,13,0,0.0,False,0,12,0.25
2020-12-28 15:00:00,1,1,1,1.0,0.8,1.2,4.0,14,0,0.0,False,0,12,0.0
2020-12-28 16:00:00,1,1,1,1.0,0.9,1.0,3.7,15,0,0.0,False,0,12,0.0
2020-12-28 17:00:00,1,1,1,1.0,1.0,1.1,3.8,16,0,0.0,False,0,12,0.75
2020-12-28 18:00:00,1,1,1,1.0,0.5,1.3,3.8,17,0,0.0,False,0,12,0.0
2020-12-28 19:00:00,1,1,1,1.0,0.5,1.3,3.3,18,0,0.0,False,0,12,0.0
2020-12-28 20:00:00,1,1,1,1.0,0.2,1.4,3.2,19,0,0.0,False,0,12,0.0
2020-12-28 21:00:00,1,1,1,1.0,0.3,1.4,3.4,20,0,0.0,False,0,12,0.0
2020-12-28 22:00:00,1,1,1,1.0,0.2,1.5,4.3,21,0,0.0,False,0,12,0.0
2020-12-28 23:00:00,1,1,1,1.0,0.1,1.4,3.9,22,0,0.0,False,0,12,0.0
2020-12-28 00:00:00,1,1,1,1.0,0.0,1.8,3.7,23,0,0.0,False,0,12,0.0
2020-12-29 01:00:00,1,1,1,1.0,0.0,1.6,3.6,0,0,,False,1,12,0.0
2020-12-29 02:00:00,1,1,1,1.0,0.0,2.1,3.7,1,0,0.0,False,1,12,0.0
2020-12-29 03:00:00,1,1,1,1.0,0.0,2.1,3.9,2,0,0.0,False,1,12,0.0
2020-12-29 04:00:00,1,1,1,1.0,0.0,2.1,3.9,3,0,0.0,False,1,12,0.0
2020-12-29 05:00:00,1,1,1,1.0,0.0,2.1,4.4,4,0,0.0,False,1,12,0.0
2020-12-29 06:00:00,1,1,1,1.0,0.0,2.2,4.3,5,0,0.0,False,1,12,0.0
2020-12-29 07:00:00,1,1,1,1.0,0.1,2.4,4.9,6,0,0.0,False,1,12,0.0
2020-12-29 08:00:00,1,1,1,1.0,0.2,2.4,4.5,7,0,0.0,False,1,12,0.0
2020-12-29 09:00:00,1,1,1,1.0,0.1,2.2,4.7,8,0,0.0,False,1,12,0.0
2020-12-29 10:00:00,1,1,1,1.0,0.0,2.2,5.5,9,0,0.0,False,1,12,0.0
2020-12-29 11:00:00,1,1,1,1.0,0.0,2.3,3.4,10,0,0.0,False,1,12,0.0
2020-12-29 12:00:00,1,1,1,1.0,0.0,2.4,5.6,11,0,0.0,False,1,12,0.0
2020-12-29 13:00:00,1,1,1,1.0,0.0,2.3,4.7,12,0,0.0,False,1,12,0.0
2020-12-29 14:00:00,1,1,1,1.0,0.0,2.2,5.8,13,0,0.0,False,1,12,0.0
2020-12-29 15:00:00,1,1,1,1.0,0.0,2.4,6.5,14,0,0.0,False,1,12,0.0
2020-12-29 16:00:00,1,0,1,1.0,0.0,2.6,6.1,15,0,0.0,False,1,12,0.0
2020-12-29 17:00:00,1,0,1,1.0,0.1,2.2,4.5,16,0,0.0,False,1,12,0.0
2020-12-29 18:00:00,1,0,1,1.0,0.1,2.5,6.6,17,1,0.0,False,1,12,0.0
2020-12-29 19:00:00,1,0,1,1.0,0.1,2.6,6.5,18,0,1.0,False,1,12,0.0
2020-12-29 20:00:00,1,0,1,1.0,0.7,2.1,7.0,19,0,0.0,False,1,12,0.0
2020-12-29 21:00:00,1,0,1,1.0,1.0,2.3,6.9,20,0,0.0,False,1,12,0.0
2020-12-29 22:00:00,1,0,1,1.0,0.6,2.5,5.9,21,0,0.0,False,1,12,0.0
2020-12-29 23:00:00,1,0,1,1.0,0.6,2.4,6.6,22,0,0.0,False,1,12,0.0
2020-12-29 00:00:00,1,0,1,1.0,0.2,2.5,5.6,23,0,0.0,False,1,12,0.0
2020-12-30 01:00:00,1,0,1,1.0,0.0,2.5,6.2,0,0,,False,2,12,0.0
2020-12-30 02:00:00,1,0,1,1.0,0.9,2.1,7.6,1,0,0.0,False,2,12,0.0
2020-12-30 03:00:00,1,0,1,1.0,0.5,1.9,8.5,2,0,0.0,False,2,12,0.0
2020-12-30 04:00:00,1,0,1,1.0,0.2,2.4,7.1,3,0,0.0,False,2,12,0.0
2020-12-30 05:00:00,1,0,1,1.0,0.0,2.3,7.0,4,0,0.0,False,2,12,0.0
2020-12-30 06:00:00,1,0,1,1.0,0.2,2.3,6.4,5,0,0.0,False,2,12,0.0
2020-12-30 07:00:00,1,0,1,1.0,0.3,2.1,5.0,6,0,0.0,False,2,12,0.0
2020-12-30 08:00:00,1,0,1,1.0,0.0,2.1,6.3,7,0,0.0,False,2,12,0.0
2020-12-30 09:00:00,1,0,1,1.0,0.4,1.9,5.9,8,0,0.0,False,2,12,0.0
2020-12-30 10:00:00,1,0,1,1.0,0.2,1.8,5.3,9,0,0.0,False,2,12,0.0
2020-12-30 11:00:00,1,0,1,1.0,0.3,1.9,4.6,10,0,0.0,False,2,12,0.0
2020-12-30 12:00:00,1,0,1,1.0,0.0,1.9,5.1,11,2,0.0,False,2,12,0.0
2020-12-30 13:00:00,1,0,1,1.0,0.1,1.8,5.3,12,0,2.0,False,2,12,0.0
2020-12-30 14:00:00,1,1,1,0.0,0.0,2.0,5.1,13,1,0.0,False,2,12,0.0
2020-12-30 15:00:00,1,1,1,0.0,0.0,1.9,5.4,14,0,1.0,False,2,12,0.0
2020-12-30 16:00:00,1,1,1,0.0,0.2,1.7,4.7,15,0,0.0,False,2,12,0.0
2020-12-30 17:00:00,1,1,1,1.0,0.1,1.5,5.0,16,0,0.0,False,2,12,0.0
2020-12-30 18:00:00,1,1,1,1.0,0.1,1.5,3.9,17,0,0.0,False,2,12,0.0
2020-12-30 19:00:00,1,1,1,1.0,0.0,1.3,4.0,18,0,0.0,False,2,12,0.0
2020-12-30 20:00:00,1,1,1,1.0,0.0,1.4,4.2,19,0,0.0,False,2,12,0.0
2020-12-30 21:00:00,1,1,1,1.0,0.0,1.4,3.5,20,0,0.0,False,2,12,0.0
2020-12-30 22:00:00,1,1,1,1.0,0.0,1.3,3.0,21,0,0.0,False,2,12,0.0
2020-12-30 23:00:00,1,1,1,1.0,0.1,1.2,3.5,22,0,0.0,False,2,12,0.0
2020-12-30 00:00:00,1,1,1,1.0,0.1,0.9,3.0,23,0,0.0,False,2,12,0.0
2020-12-31 01:00:00,1,1,1,1.0,0.1,0.7,2.7,0,0,,False,3,12,0.0
2020-12-31 02:00:00,1,1,1,0.0,0.1,0.7,2.5,1,0,0.0,False,3,12,0.0
2020-12-31 03:00:00,1,1,1,0.0,0.1,0.6,3.2,2,0,0.0,False,3,12,0.0
2020-12-31 04:00:00,1,1,1,0.0,0.1,0.5,2.7,3,0,0.0,False,3,12,0.0
2020-12-31 05:00:00,1,1,1,0.0,0.1,0.4,2.6,4,0,0.0,False,3,12,0.0
2020-12-31 06:00:00,1,1,1,0.0,0.2,0.2,2.5,5,0,0.0,False,3,12,0.0
2020-12-31 07:00:00,1,1,1,0.0,0.2,0.1,2.7,6,0,0.0,False,3,12,0.0
2020-12-31 08:00:00,1,1,1,0.0,0.1,-0.1,2.9,7,0,0.0,False,3,12,0.0
2020-12-31 09:00:00,1,1,1,0.0,0.0,-0.1,3.0,8,0,0.0,False,3,12,0.0
2020-12-31 10:00:00,1,1,1,0.0,0.0,-0.2,3.1,9,0,0.0,False,3,12,0.0
2020-12-31 11:00:00,1,1,1,0.0,0.0,0.2,3.9,10,0,0.0,False,3,12,0.0
2020-12-31 12:00:00,1,1,1,0.0,0.0,0.3,4.4,11,1,0.0,False,3,12,0.0
2020-12-31 13:00:00,1,1,1,0.0,0.0,0.5,3.5,12,0,1.0,False,3,12,0.0
2020-12-31 14:00:00,1,1,0,0.0,0.0,0.3,2.2,13,1,0.0,False,3,12,0.0
2020-12-31 15:00:00,1,1,0,0.0,0.0,0.2,1.6,14,0,1.0,False,3,12,0.0
2020-12-31 16:00:00,1,1,0,0.0,0.0,0.1,1.5,15,0,0.0,False,3,12,0.0
2020-12-31 17:00:00,1,1,0,1.0,0.0,0.2,1.8,16,0,0.0,False,3,12,0.0
2020-12-31 18:00:00,1,1,1,1.0,0.0,0.3,1.5,17,0,0.0,False,3,12,0.0
2020-12-31 19:00:00,1,1,1,1.0,0.0,0.3,2.3,18,0,0.0,False,3,12,0.0
2020-12-31 20:00:00,1,1,1,1.0,0.0,0.3,2.0,19,0,0.0,False,3,12,0.0
2020-12-31 21:00:00,1,1,1,1.0,0.0,0.2,2.1,20,0,0.0,False,3,12,0.0
2020-12-31 22:00:00,1,1,1,1.0,0.0,0.1,1.1,21,0,0.0,False,3,12,0.0
2020-12-31 23:00:00,1,1,1,1.0,0.0,-0.1,1.3,22,0,0.0,False,3,12,0.0
2020-12-31 00:00:00,1,1,1,1.0,0.0,0.0,1.6,23,0,0.0,False,3,12,0.0
