dateTime,nedør,temp,vind,hour,count,count_last_hour,isHoliday,weekday,month,availability,Mean_close_count_last_hour
2022-10-01 01:00:00,0.0,-1.1,5.2,0,0,,False,5,10,4.0,0.0
2022-10-01 02:00:00,0.0,-1.1,5.7,1,0,0.0,False,5,10,4.0,0.0
2022-10-01 03:00:00,0.0,-1.0,4.6,2,0,0.0,False,5,10,4.0,0.0
2022-10-01 04:00:00,0.0,-0.9,3.9,3,0,0.0,False,5,10,4.0,0.0
2022-10-01 05:00:00,0.0,-0.9,3.9,4,0,0.0,False,5,10,4.0,0.25
2022-10-01 06:00:00,0.0,-1.1,2.5,5,0,0.0,False,5,10,4.0,0.0
2022-10-01 07:00:00,0.0,-1.3,2.8,6,0,0.0,False,5,10,4.0,0.25
2022-10-01 08:00:00,0.0,-1.3,2.3,7,3,0.0,False,5,10,4.0,0.75
2022-10-01 09:00:00,0.0,-1.4,2.7,8,0,3.0,False,5,10,4.0,0.25
2022-10-01 10:00:00,0.0,-1.5,2.7,9,0,0.0,False,5,10,4.0,0.75
2022-10-01 11:00:00,0.0,-1.5,2.2,10,2,0.0,False,5,10,4.0,0.5
2022-10-01 12:00:00,0.0,-1.5,1.8,11,5,2.0,False,5,10,4.0,1.5
2022-10-01 13:00:00,0.0,-1.3,1.6,12,1,5.0,False,5,10,4.0,0.75
2022-10-01 14:00:00,0.0,-1.3,2.0,13,1,1.0,False,5,10,4.0,1.0
2022-10-01 15:00:00,0.0,-1.6,1.1,14,2,1.0,False,5,10,4.0,1.0
2022-10-01 16:00:00,0.0,-1.2,1.4,15,2,2.0,False,5,10,4.0,1.0
2022-10-01 17:00:00,0.0,-1.2,1.3,16,0,2.0,False,5,10,4.0,0.25
2022-10-01 18:00:00,0.0,-1.3,1.1,17,0,0.0,False,5,10,4.0,0.75
2022-10-01 19:00:00,0.0,-1.2,1.3,18,1,0.0,False,5,10,4.0,0.0
2022-10-01 20:00:00,0.0,-0.8,3.0,19,0,1.0,False,5,10,4.0,0.25
2022-10-01 21:00:00,0.0,-0.8,1.5,20,1,0.0,False,5,10,4.0,0.0
2022-10-01 22:00:00,0.0,-0.6,1.3,21,1,1.0,False,5,10,4.0,0.75
2022-10-01 23:00:00,0.0,-0.9,1.5,22,1,1.0,False,5,10,4.0,0.5
2022-10-01 00:00:00,0.0,-0.8,0.8,23,0,1.0,False,5,10,4.0,0.0
2022-10-02 01:00:00,0.0,1.2,3.0,0,0,,False,6,10,4.0,0.0
2022-10-02 02:00:00,0.0,1.4,2.9,1,0,0.0,False,6,10,4.0,0.0
2022-10-02 03:00:00,0.0,0.9,3.0,2,0,0.0,False,6,10,4.0,0.0
2022-10-02 04:00:00,0.0,-1.2,2.6,3,0,0.0,False,6,10,4.0,0.0
2022-10-02 05:00:00,0.0,-2.0,1.0,4,0,0.0,False,6,10,4.0,0.0
2022-10-02 06:00:00,0.0,-1.0,2.8,5,0,0.0,False,6,10,4.0,0.0
2022-10-02 07:00:00,0.0,0.5,3.6,6,0,0.0,False,6,10,4.0,0.25
2022-10-02 08:00:00,0.0,0.4,4.2,7,0,0.0,False,6,10,4.0,0.5
2022-10-02 09:00:00,0.0,0.0,4.8,8,0,0.0,False,6,10,4.0,0.0
2022-10-02 10:00:00,0.0,1.0,5.0,9,0,0.0,False,6,10,4.0,0.25
2022-10-02 11:00:00,0.0,2.1,4.2,10,0,0.0,False,6,10,4.0,0.0
2022-10-02 12:00:00,0.0,3.5,2.8,11,1,0.0,False,6,10,4.0,0.0
2022-10-02 13:00:00,0.0,4.8,3.6,12,0,1.0,False,6,10,4.0,0.5
2022-10-02 14:00:00,0.0,4.0,4.3,13,3,0.0,False,6,10,4.0,0.75
2022-10-02 15:00:00,0.0,5.0,4.2,14,0,3.0,False,6,10,4.0,0.25
2022-10-02 16:00:00,0.0,3.7,3.0,15,1,0.0,False,6,10,4.0,0.25
2022-10-02 17:00:00,0.0,3.2,2.9,16,0,1.0,False,6,10,4.0,0.0
2022-10-02 18:00:00,0.0,1.9,1.3,17,1,0.0,False,6,10,4.0,0.5
2022-10-02 19:00:00,0.0,-0.9,0.8,18,0,1.0,False,6,10,4.0,0.5
2022-10-02 20:00:00,0.0,-0.4,1.7,19,1,0.0,False,6,10,4.0,0.0
2022-10-02 21:00:00,0.0,-0.9,2.2,20,0,1.0,False,6,10,3.0,0.0
2022-10-02 22:00:00,0.0,-1.5,0.7,21,0,0.0,False,6,10,3.0,0.0
2022-10-02 23:00:00,0.0,-1.7,1.1,22,0,0.0,False,6,10,4.0,0.25
2022-10-02 00:00:00,0.0,-2.7,1.0,23,0,0.0,False,6,10,4.0,0.0
2022-10-03 01:00:00,0.0,-2.0,1.4,0,0,,False,0,10,4.0,0.0
2022-10-03 02:00:00,0.0,-1.9,1.1,1,0,0.0,False,0,10,4.0,0.0
2022-10-03 03:00:00,0.0,-1.6,1.2,2,0,0.0,False,0,10,4.0,0.0
2022-10-03 04:00:00,0.0,-1.5,2.6,3,0,0.0,False,0,10,4.0,0.0
2022-10-03 05:00:00,0.0,-1.4,2.3,4,0,0.0,False,0,10,4.0,0.0
2022-10-03 06:00:00,0.0,-1.3,2.3,5,1,0.0,False,0,10,4.0,0.25
2022-10-03 07:00:00,0.0,-1.1,2.3,6,3,1.0,False,0,10,4.0,0.0
2022-10-03 08:00:00,0.0,-1.1,2.9,7,1,3.0,False,0,10,4.0,0.0
2022-10-03 09:00:00,0.0,-0.5,2.6,8,0,1.0,False,0,10,3.0,0.5
2022-10-03 10:00:00,0.0,0.1,1.9,9,7,0.0,False,0,10,4.0,0.0
2022-10-03 11:00:00,0.0,0.4,2.5,10,1,7.0,False,0,10,4.0,1.0
2022-10-03 12:00:00,0.0,0.6,2.0,11,0,1.0,False,0,10,4.0,2.0
2022-10-03 13:00:00,0.1,0.7,1.2,12,2,0.0,False,0,10,4.0,2.0
2022-10-03 14:00:00,0.1,1.1,1.1,13,3,2.0,False,0,10,4.0,1.5
2022-10-03 15:00:00,0.0,1.5,1.4,14,17,3.0,False,0,10,4.0,3.0
2022-10-03 16:00:00,0.0,1.9,2.1,15,7,17.0,False,0,10,4.0,7.5
2022-10-03 17:00:00,0.0,2.7,3.9,16,3,7.0,False,0,10,4.0,6.75
2022-10-03 18:00:00,0.0,2.5,3.7,17,2,3.0,False,0,10,4.0,2.0
2022-10-03 19:00:00,0.0,2.5,3.1,18,1,2.0,False,0,10,4.0,1.25
2022-10-03 20:00:00,0.0,2.1,2.7,19,0,1.0,False,0,10,3.0,1.25
2022-10-03 21:00:00,0.0,2.2,2.9,20,0,0.0,False,0,10,3.0,1.5
2022-10-03 22:00:00,0.0,2.2,2.5,21,0,0.0,False,0,10,3.0,0.0
2022-10-03 23:00:00,0.0,2.2,2.3,22,0,0.0,False,0,10,2.0,0.0
2022-10-03 00:00:00,0.0,2.0,1.7,23,0,0.0,False,0,10,3.0,0.0
2022-10-04 01:00:00,0.0,4.5,1.7,0,0,,False,1,10,3.0,0.0
2022-10-04 02:00:00,0.0,4.7,2.9,1,0,0.0,False,1,10,2.0,0.0
2022-10-04 03:00:00,0.0,4.4,2.8,2,0,0.0,False,1,10,2.0,0.0
2022-10-04 04:00:00,0.0,4.6,2.7,3,0,0.0,False,1,10,2.0,0.0
2022-10-04 05:00:00,0.0,3.5,3.0,4,0,0.0,False,1,10,2.0,0.0
2022-10-04 06:00:00,0.0,3.8,1.7,5,2,0.0,False,1,10,2.0,0.0
2022-10-04 07:00:00,0.0,4.6,3.3,6,7,2.0,False,1,10,2.0,0.75
2022-10-04 08:00:00,0.0,4.6,2.3,7,3,7.0,False,1,10,4.0,0.25
2022-10-04 09:00:00,0.0,7.0,3.0,8,3,3.0,False,1,10,4.0,0.5
2022-10-04 10:00:00,0.0,6.9,4.0,9,4,3.0,False,1,10,4.0,0.25
2022-10-04 11:00:00,0.0,9.0,1.6,10,4,4.0,False,1,10,4.0,0.75
2022-10-04 12:00:00,0.0,10.1,5.5,11,3,4.0,False,1,10,4.0,0.5
2022-10-04 13:00:00,0.0,10.9,4.9,12,2,3.0,False,1,10,4.0,2.5
2022-10-04 14:00:00,0.0,11.5,4.9,13,7,2.0,False,1,10,4.0,1.25
2022-10-04 15:00:00,0.0,12.4,4.1,14,17,7.0,False,1,10,4.0,3.5
2022-10-04 16:00:00,0.1,12.3,4.0,15,6,17.0,False,1,10,4.0,7.25
2022-10-04 17:00:00,0.2,12.4,3.6,16,1,6.0,False,1,10,4.0,3.25
2022-10-04 18:00:00,0.0,11.5,4.9,17,4,1.0,False,1,10,3.0,1.75
2022-10-04 19:00:00,0.0,10.3,5.6,18,1,4.0,False,1,10,4.0,1.25
2022-10-04 20:00:00,0.0,8.3,4.6,19,2,1.0,False,1,10,4.0,1.25
2022-10-04 21:00:00,0.0,7.3,3.6,20,0,2.0,False,1,10,3.0,1.0
2022-10-04 22:00:00,0.0,6.9,5.3,21,0,0.0,False,1,10,3.0,1.0
2022-10-04 23:00:00,0.0,6.4,6.0,22,0,0.0,False,1,10,3.0,0.75
2022-10-04 00:00:00,0.0,5.7,4.3,23,0,0.0,False,1,10,3.0,0.0
2022-10-05 01:00:00,0.0,10.3,3.0,0,0,,False,2,10,4.0,0.0
2022-10-05 02:00:00,0.0,10.3,3.4,1,0,0.0,False,2,10,4.0,0.0
2022-10-05 03:00:00,0.0,9.8,3.4,2,0,0.0,False,2,10,4.0,0.0
2022-10-05 04:00:00,0.0,10.2,4.8,3,0,0.0,False,2,10,4.0,0.0
2022-10-05 05:00:00,0.0,10.0,4.2,4,0,0.0,False,2,10,4.0,0.0
2022-10-05 06:00:00,0.1,8.9,3.9,5,0,0.0,False,2,10,4.0,0.0
2022-10-05 07:00:00,0.2,8.6,2.9,6,2,0.0,False,2,10,4.0,0.75
2022-10-05 08:00:00,0.0,9.4,2.3,7,6,2.0,False,2,10,4.0,0.0
2022-10-05 09:00:00,0.0,10.0,2.9,8,1,6.0,False,2,10,4.0,0.25
2022-10-05 10:00:00,0.0,11.1,4.2,9,0,1.0,False,2,10,4.0,1.25
2022-10-05 11:00:00,0.9,10.5,4.3,10,0,0.0,False,2,10,4.0,0.0
2022-10-05 12:00:00,0.5,9.9,4.0,11,2,0.0,False,2,10,4.0,0.75
2022-10-05 13:00:00,0.0,10.2,4.5,12,1,2.0,False,2,10,4.0,0.75
2022-10-05 14:00:00,0.1,10.5,5.7,13,6,1.0,False,2,10,4.0,0.5
2022-10-05 15:00:00,0.0,11.1,7.0,14,12,6.0,False,2,10,4.0,2.5
2022-10-05 16:00:00,0.0,11.4,5.8,15,8,12.0,False,2,10,4.0,5.5
2022-10-05 17:00:00,0.0,11.4,4.7,16,5,8.0,False,2,10,4.0,3.0
2022-10-05 18:00:00,0.0,11.3,3.7,17,2,5.0,False,2,10,4.0,1.0
2022-10-05 19:00:00,1.3,10.9,3.8,18,0,2.0,False,2,10,4.0,1.75
2022-10-05 20:00:00,0.0,10.8,4.5,19,1,0.0,False,2,10,4.0,0.25
2022-10-05 21:00:00,0.0,10.6,2.6,20,0,1.0,False,2,10,4.0,0.5
2022-10-05 22:00:00,0.0,10.2,2.8,21,1,0.0,False,2,10,4.0,0.25
2022-10-05 23:00:00,0.0,9.5,3.1,22,0,1.0,False,2,10,4.0,0.5
2022-10-05 00:00:00,0.0,8.5,3.1,23,0,0.0,False,2,10,4.0,0.0
2022-10-06 01:00:00,0.0,13.7,0.7,0,0,,False,3,10,4.0,0.0
2022-10-06 02:00:00,0.0,13.6,0.8,1,0,0.0,False,3,10,4.0,0.0
2022-10-06 03:00:00,0.0,13.2,0.7,2,0,0.0,False,3,10,4.0,0.0
2022-10-06 04:00:00,0.0,13.5,0.4,3,0,0.0,False,3,10,4.0,0.0
2022-10-06 05:00:00,0.0,13.5,1.3,4,0,0.0,False,3,10,4.0,0.0
2022-10-06 06:00:00,0.0,13.8,1.3,5,1,0.0,False,3,10,4.0,0.0
2022-10-06 07:00:00,0.0,14.2,1.6,6,5,1.0,False,3,10,4.0,1.0
2022-10-06 08:00:00,0.0,14.6,1.8,7,2,5.0,False,3,10,4.0,1.0
2022-10-06 09:00:00,0.0,15.3,1.5,8,2,2.0,False,3,10,4.0,0.75
2022-10-06 10:00:00,0.0,15.8,2.8,9,6,2.0,False,3,10,4.0,0.5
2022-10-06 11:00:00,0.0,15.8,3.1,10,4,6.0,False,3,10,4.0,0.75
2022-10-06 12:00:00,0.0,16.8,3.7,11,0,4.0,False,3,10,4.0,0.75
2022-10-06 13:00:00,0.0,16.8,3.9,12,2,0.0,False,3,10,4.0,0.5
2022-10-06 14:00:00,0.0,18.1,3.4,13,12,2.0,False,3,10,4.0,1.25
2022-10-06 15:00:00,0.0,19.5,3.0,14,9,12.0,False,3,10,4.0,3.25
2022-10-06 16:00:00,0.0,18.8,5.5,15,2,9.0,False,3,10,4.0,7.25
2022-10-06 17:00:00,0.0,18.7,5.7,16,1,2.0,False,3,10,4.0,2.75
2022-10-06 18:00:00,0.0,17.5,4.5,17,0,1.0,False,3,10,4.0,3.0
2022-10-06 19:00:00,0.0,17.9,4.2,18,0,0.0,False,3,10,4.0,0.75
2022-10-06 20:00:00,0.0,16.7,4.1,19,0,0.0,False,3,10,4.0,0.75
2022-10-06 21:00:00,0.0,15.8,4.1,20,0,0.0,False,3,10,4.0,0.5
2022-10-06 22:00:00,0.0,15.0,4.9,21,0,0.0,False,3,10,4.0,1.0
2022-10-06 23:00:00,0.0,14.5,4.1,22,0,0.0,False,3,10,4.0,0.0
2022-10-06 00:00:00,0.0,14.4,4.6,23,0,0.0,False,3,10,3.0,0.0
2022-10-07 01:00:00,0.0,13.4,3.6,0,0,,False,4,10,3.0,0.0
2022-10-07 02:00:00,0.0,11.4,0.9,1,0,0.0,False,4,10,3.0,0.0
2022-10-07 03:00:00,0.0,11.1,0.9,2,0,0.0,False,4,10,3.0,0.0
2022-10-07 04:00:00,0.0,10.0,0.7,3,0,0.0,False,4,10,3.0,0.0
2022-10-07 05:00:00,0.0,10.1,0.8,4,0,0.0,False,4,10,3.0,0.0
2022-10-07 06:00:00,0.0,11.2,0.8,5,1,0.0,False,4,10,3.0,0.5
2022-10-07 07:00:00,0.0,13.3,4.4,6,1,1.0,False,4,10,3.0,0.25
2022-10-07 08:00:00,0.0,15.5,4.3,7,3,1.0,False,4,10,4.0,0.5
2022-10-07 09:00:00,0.0,16.1,5.4,8,0,3.0,False,4,10,4.0,0.25
2022-10-07 10:00:00,0.0,17.3,4.7,9,1,0.0,False,4,10,4.0,0.75
2022-10-07 11:00:00,0.0,17.8,5.6,10,1,1.0,False,4,10,4.0,1.0
2022-10-07 12:00:00,0.0,18.9,4.8,11,1,1.0,False,4,10,4.0,1.0
2022-10-07 13:00:00,0.0,19.8,4.4,12,2,1.0,False,4,10,4.0,1.25
2022-10-07 14:00:00,0.0,20.6,3.6,13,6,2.0,False,4,10,4.0,1.25
2022-10-07 15:00:00,0.0,19.4,5.0,14,12,6.0,False,4,10,4.0,2.25
2022-10-07 16:00:00,0.1,20.4,4.2,15,3,12.0,False,4,10,4.0,2.75
2022-10-07 17:00:00,0.0,20.7,4.1,16,1,3.0,False,4,10,4.0,2.0
2022-10-07 18:00:00,0.0,21.5,3.1,17,0,1.0,False,4,10,4.0,0.75
2022-10-07 19:00:00,0.0,21.2,3.5,18,0,0.0,False,4,10,4.0,1.0
2022-10-07 20:00:00,0.0,20.6,3.6,19,0,0.0,False,4,10,4.0,0.0
2022-10-07 21:00:00,0.0,19.4,2.3,20,1,0.0,False,4,10,4.0,0.0
2022-10-07 22:00:00,0.0,17.4,2.6,21,0,1.0,False,4,10,4.0,0.75
2022-10-07 23:00:00,0.0,15.2,2.3,22,0,0.0,False,4,10,4.0,0.75
2022-10-07 00:00:00,0.0,14.8,2.9,23,0,0.0,False,4,10,4.0,0.0
2022-10-08 01:00:00,0.0,15.8,2.1,0,0,,False,5,10,4.0,0.0
2022-10-08 02:00:00,0.0,15.8,2.0,1,0,0.0,False,5,10,4.0,0.0
2022-10-08 03:00:00,0.0,15.7,1.7,2,0,0.0,False,5,10,4.0,0.0
2022-10-08 04:00:00,0.0,15.8,2.0,3,0,0.0,False,5,10,4.0,0.0
2022-10-08 05:00:00,0.0,15.6,1.7,4,0,0.0,False,5,10,4.0,0.25
2022-10-08 06:00:00,0.0,15.6,1.6,5,0,0.0,False,5,10,4.0,0.0
2022-10-08 07:00:00,0.0,16.0,1.3,6,0,0.0,False,5,10,4.0,0.25
2022-10-08 08:00:00,0.0,16.5,2.0,7,0,0.0,False,5,10,4.0,0.0
2022-10-08 09:00:00,0.0,17.9,2.0,8,2,0.0,False,5,10,4.0,1.25
2022-10-08 10:00:00,0.0,18.9,1.8,9,4,2.0,False,5,10,4.0,0.75
2022-10-08 11:00:00,0.0,21.1,2.1,10,1,4.0,False,5,10,4.0,0.5
2022-10-08 12:00:00,0.0,22.5,2.9,11,1,1.0,False,5,10,4.0,0.75
2022-10-08 13:00:00,0.0,24.3,3.5,12,3,1.0,False,5,10,4.0,1.0
2022-10-08 14:00:00,0.0,25.5,3.9,13,2,3.0,False,5,10,4.0,0.75
2022-10-08 15:00:00,0.0,25.1,4.8,14,6,2.0,False,5,10,4.0,1.0
2022-10-08 16:00:00,0.0,25.6,3.9,15,2,6.0,False,5,10,4.0,1.25
2022-10-08 17:00:00,0.0,24.7,4.4,16,2,2.0,False,5,10,4.0,0.75
2022-10-08 18:00:00,0.0,24.7,4.7,17,3,2.0,False,5,10,4.0,1.0
2022-10-08 19:00:00,0.0,23.6,3.8,18,1,3.0,False,5,10,4.0,0.25
2022-10-08 20:00:00,0.0,21.5,4.2,19,1,1.0,False,5,10,4.0,0.75
2022-10-08 21:00:00,0.0,19.6,4.5,20,0,1.0,False,5,10,4.0,0.25
2022-10-08 22:00:00,0.0,18.3,2.9,21,1,0.0,False,5,10,4.0,0.25
2022-10-08 23:00:00,0.0,17.5,1.9,22,0,1.0,False,5,10,4.0,0.5
2022-10-08 00:00:00,0.0,16.5,1.1,23,0,0.0,False,5,10,4.0,0.0
2022-10-09 01:00:00,0.0,12.7,4.5,0,0,,False,6,10,4.0,0.0
2022-10-09 02:00:00,0.0,12.7,4.9,1,0,0.0,False,6,10,4.0,0.0
2022-10-09 03:00:00,0.0,12.7,4.4,2,0,0.0,False,6,10,4.0,0.0
2022-10-09 04:00:00,0.0,12.2,4.1,3,0,0.0,False,6,10,4.0,0.0
2022-10-09 05:00:00,0.0,11.3,4.4,4,0,0.0,False,6,10,4.0,0.0
2022-10-09 06:00:00,0.0,10.9,4.3,5,0,0.0,False,6,10,4.0,0.0
2022-10-09 07:00:00,0.0,11.0,3.2,6,0,0.0,False,6,10,4.0,0.0
2022-10-09 08:00:00,0.0,11.2,2.8,7,0,0.0,False,6,10,4.0,0.0
2022-10-09 09:00:00,0.0,11.3,3.6,8,0,0.0,False,6,10,4.0,0.25
2022-10-09 10:00:00,0.0,11.7,3.6,9,0,0.0,False,6,10,4.0,1.25
2022-10-09 11:00:00,0.0,11.6,2.7,10,2,0.0,False,6,10,4.0,0.0
2022-10-09 12:00:00,0.0,11.7,3.3,11,0,2.0,False,6,10,4.0,0.0
2022-10-09 13:00:00,0.0,12.6,2.6,12,2,0.0,False,6,10,4.0,0.25
2022-10-09 14:00:00,0.0,13.5,1.9,13,0,2.0,False,6,10,4.0,0.25
2022-10-09 15:00:00,0.0,13.5,2.5,14,1,0.0,False,6,10,4.0,0.5
2022-10-09 16:00:00,0.0,14.0,1.9,15,0,1.0,False,6,10,4.0,0.75
2022-10-09 17:00:00,0.0,14.0,1.8,16,0,0.0,False,6,10,4.0,0.5
2022-10-09 18:00:00,0.0,14.1,1.4,17,3,0.0,False,6,10,4.0,0.75
2022-10-09 19:00:00,0.0,13.8,1.3,18,0,3.0,False,6,10,4.0,0.25
2022-10-09 20:00:00,0.0,13.4,1.2,19,1,0.0,False,6,10,4.0,0.75
2022-10-09 21:00:00,0.0,13.1,1.2,20,1,1.0,False,6,10,4.0,0.0
2022-10-09 22:00:00,0.0,12.6,1.3,21,0,1.0,False,6,10,4.0,1.0
2022-10-09 23:00:00,0.0,12.3,1.0,22,0,0.0,False,6,10,4.0,0.0
2022-10-09 00:00:00,0.0,12.2,1.8,23,0,0.0,False,6,10,4.0,0.0
2022-10-10 01:00:00,0.0,10.9,4.4,0,0,,False,0,10,4.0,0.0
2022-10-10 02:00:00,0.0,11.4,4.5,1,0,0.0,False,0,10,4.0,0.0
2022-10-10 03:00:00,0.0,11.6,5.4,2,0,0.0,False,0,10,4.0,0.0
2022-10-10 04:00:00,0.0,11.3,4.8,3,0,0.0,False,0,10,4.0,0.0
2022-10-10 05:00:00,0.0,11.2,4.7,4,0,0.0,False,0,10,4.0,0.25
2022-10-10 06:00:00,0.0,10.8,5.0,5,0,0.0,False,0,10,4.0,0.25
2022-10-10 07:00:00,0.0,11.0,5.1,6,1,0.0,False,0,10,4.0,0.5
2022-10-10 08:00:00,0.0,10.9,4.6,7,3,1.0,False,0,10,4.0,0.5
2022-10-10 09:00:00,0.0,10.9,4.0,8,0,3.0,False,0,10,4.0,0.25
2022-10-10 10:00:00,0.0,11.4,4.5,9,1,0.0,False,0,10,4.0,0.0
2022-10-10 11:00:00,0.0,12.0,5.5,10,0,1.0,False,0,10,4.0,1.0
2022-10-10 12:00:00,0.0,13.1,6.7,11,1,0.0,False,0,10,4.0,1.25
2022-10-10 13:00:00,0.0,13.0,6.6,12,3,1.0,False,0,10,4.0,0.5
2022-10-10 14:00:00,0.0,12.5,5.9,13,6,3.0,False,0,10,4.0,2.0
2022-10-10 15:00:00,0.0,12.4,6.1,14,5,6.0,False,0,10,4.0,1.5
2022-10-10 16:00:00,0.0,12.0,5.5,15,11,5.0,False,0,10,4.0,6.25
2022-10-10 17:00:00,0.5,11.2,3.5,16,4,11.0,False,0,10,4.0,3.25
2022-10-10 18:00:00,0.8,10.1,5.1,17,1,4.0,False,0,10,4.0,1.25
2022-10-10 19:00:00,0.0,8.7,1.8,18,0,1.0,False,0,10,4.0,1.25
2022-10-10 20:00:00,0.0,7.7,1.7,19,0,0.0,False,0,10,4.0,0.5
2022-10-10 21:00:00,0.0,6.9,1.8,20,0,0.0,False,0,10,4.0,0.5
2022-10-10 22:00:00,0.0,6.2,0.7,21,0,0.0,False,0,10,3.0,0.75
2022-10-10 23:00:00,0.0,5.6,1.3,22,0,0.0,False,0,10,3.0,0.25
2022-10-10 00:00:00,0.0,4.3,0.6,23,0,0.0,False,0,10,3.0,0.0
2022-10-11 01:00:00,0.0,7.5,1.9,0,0,,False,1,10,3.0,0.0
2022-10-11 02:00:00,0.0,7.5,0.6,1,0,0.0,False,1,10,3.0,0.0
2022-10-11 03:00:00,0.0,6.6,0.6,2,0,0.0,False,1,10,3.0,0.0
2022-10-11 04:00:00,0.0,6.7,0.7,3,0,0.0,False,1,10,3.0,0.0
2022-10-11 05:00:00,0.0,6.6,0.8,4,0,0.0,False,1,10,3.0,0.0
2022-10-11 06:00:00,0.0,6.1,0.8,5,2,0.0,False,1,10,3.0,0.0
2022-10-11 07:00:00,0.0,5.9,0.3,6,3,2.0,False,1,10,3.0,1.0
2022-10-11 08:00:00,0.0,5.7,1.7,7,2,3.0,False,1,10,4.0,0.5
2022-10-11 09:00:00,0.0,5.5,0.5,8,0,2.0,False,1,10,4.0,0.25
2022-10-11 10:00:00,0.0,5.4,0.4,9,1,0.0,False,1,10,4.0,0.5
2022-10-11 11:00:00,0.0,5.7,1.2,10,1,1.0,False,1,10,4.0,0.5
2022-10-11 12:00:00,0.0,5.7,1.5,11,2,1.0,False,1,10,4.0,0.0
2022-10-11 13:00:00,0.1,6.1,0.7,12,3,2.0,False,1,10,4.0,0.75
2022-10-11 14:00:00,0.9,6.6,0.9,13,7,3.0,False,1,10,4.0,1.75
2022-10-11 15:00:00,0.3,7.2,1.6,14,3,7.0,False,1,10,4.0,3.0
2022-10-11 16:00:00,0.3,7.7,1.3,15,2,3.0,False,1,10,4.0,8.25
2022-10-11 17:00:00,0.0,8.4,1.0,16,6,2.0,False,1,10,4.0,3.75
2022-10-11 18:00:00,0.0,9.7,2.7,17,4,6.0,False,1,10,3.0,2.0
2022-10-11 19:00:00,0.0,10.4,4.4,18,7,4.0,False,1,10,4.0,1.25
2022-10-11 20:00:00,0.0,10.6,4.2,19,0,7.0,False,1,10,3.0,1.0
2022-10-11 21:00:00,0.0,10.5,3.2,20,0,0.0,False,1,10,4.0,1.5
2022-10-11 22:00:00,0.0,11.4,3.8,21,1,0.0,False,1,10,3.0,0.5
2022-10-11 23:00:00,0.0,11.2,3.8,22,0,1.0,False,1,10,3.0,0.5
2022-10-11 00:00:00,0.0,11.2,4.0,23,0,0.0,False,1,10,3.0,0.0
2022-10-13 01:00:00,0.0,11.0,3.3,0,0,,False,3,10,3.0,0.0
2022-10-13 02:00:00,0.0,10.9,3.7,1,0,0.0,False,3,10,3.0,0.0
2022-10-13 03:00:00,0.0,10.7,3.3,2,0,0.0,False,3,10,3.0,0.0
2022-10-13 04:00:00,0.1,10.1,2.4,3,0,0.0,False,3,10,3.0,0.0
2022-10-13 05:00:00,1.1,9.6,1.8,4,0,0.0,False,3,10,3.0,0.25
2022-10-13 06:00:00,1.2,9.7,1.6,5,1,0.0,False,3,10,3.0,0.0
2022-10-13 07:00:00,0.6,10.0,2.9,6,3,1.0,False,3,10,3.0,0.5
2022-10-13 08:00:00,0.2,9.9,3.7,7,0,3.0,False,3,10,4.0,0.75
2022-10-13 09:00:00,2.1,10.0,2.6,8,1,0.0,False,3,10,4.0,0.0
2022-10-13 10:00:00,1.3,10.3,3.4,9,1,1.0,False,3,10,4.0,0.75
2022-10-13 11:00:00,1.5,10.3,3.7,10,2,1.0,False,3,10,4.0,0.0
2022-10-13 12:00:00,0.4,10.3,5.1,11,1,2.0,False,3,10,4.0,0.25
2022-10-13 13:00:00,0.7,10.2,3.2,12,0,1.0,False,3,10,4.0,0.5
2022-10-13 14:00:00,2.1,10.2,2.7,13,3,0.0,False,3,10,4.0,0.75
2022-10-13 15:00:00,4.2,10.2,3.5,14,2,3.0,False,3,10,4.0,0.75
2022-10-13 16:00:00,0.7,10.1,1.8,15,3,2.0,False,3,10,4.0,2.25
2022-10-13 17:00:00,0.2,10.4,2.3,16,0,3.0,False,3,10,3.0,2.75
2022-10-13 18:00:00,0.0,10.6,1.2,17,1,0.0,False,3,10,3.0,0.5
2022-10-13 19:00:00,0.0,10.8,2.8,18,2,1.0,False,3,10,3.0,1.75
2022-10-13 20:00:00,0.0,10.7,2.6,19,0,2.0,False,3,10,4.0,0.5
2022-10-13 21:00:00,0.8,10.7,2.3,20,1,0.0,False,3,10,3.0,1.25
2022-10-13 22:00:00,0.0,10.7,1.6,21,0,1.0,False,3,10,3.0,0.5
2022-10-13 23:00:00,0.1,10.5,1.4,22,0,0.0,False,3,10,4.0,0.75
2022-10-13 00:00:00,0.0,10.3,2.8,23,0,0.0,False,3,10,4.0,0.0
2022-10-14 01:00:00,0.0,10.0,2.1,0,0,,False,4,10,4.0,0.0
2022-10-14 02:00:00,0.0,9.9,2.5,1,0,0.0,False,4,10,3.0,0.0
2022-10-14 03:00:00,0.0,9.8,2.5,2,0,0.0,False,4,10,3.0,0.0
2022-10-14 04:00:00,0.2,9.6,2.0,3,0,0.0,False,4,10,3.0,0.0
2022-10-14 05:00:00,0.0,9.5,2.3,4,0,0.0,False,4,10,3.0,0.0
2022-10-14 06:00:00,0.1,9.5,1.6,5,0,0.0,False,4,10,3.0,0.0
2022-10-14 07:00:00,0.0,9.4,2.2,6,4,0.0,False,4,10,3.0,1.0
2022-10-14 08:00:00,0.0,9.1,1.7,7,2,4.0,False,4,10,4.0,0.5
2022-10-14 09:00:00,0.9,8.8,2.1,8,4,2.0,False,4,10,4.0,0.25
2022-10-14 10:00:00,0.0,8.8,2.9,9,3,4.0,False,4,10,4.0,1.5
2022-10-14 11:00:00,0.0,9.3,2.9,10,2,3.0,False,4,10,4.0,0.5
2022-10-14 12:00:00,0.0,9.4,1.9,11,4,2.0,False,4,10,4.0,1.25
2022-10-14 13:00:00,0.0,10.4,1.8,12,8,4.0,False,4,10,4.0,1.5
2022-10-14 14:00:00,0.0,11.1,4.3,13,6,8.0,False,4,10,4.0,1.0
2022-10-14 15:00:00,0.0,8.4,5.1,14,10,6.0,False,4,10,4.0,4.5
2022-10-14 16:00:00,0.0,9.0,2.7,15,4,10.0,False,4,10,4.0,6.25
2022-10-14 17:00:00,0.0,9.8,2.8,16,2,4.0,False,4,10,4.0,1.75
2022-10-14 18:00:00,0.0,9.8,3.1,17,2,2.0,False,4,10,3.0,1.5
2022-10-14 19:00:00,0.0,9.5,3.3,18,2,2.0,False,4,10,4.0,0.5
2022-10-14 20:00:00,0.0,9.4,2.6,19,0,2.0,False,4,10,2.0,0.25
2022-10-14 21:00:00,0.0,9.7,3.7,20,0,0.0,False,4,10,3.0,0.75
2022-10-14 22:00:00,0.0,9.8,3.5,21,0,0.0,False,4,10,3.0,0.25
2022-10-14 23:00:00,0.0,9.5,3.9,22,1,0.0,False,4,10,3.0,0.25
2022-10-14 00:00:00,0.4,9.1,2.8,23,0,1.0,False,4,10,4.0,0.0
2022-10-15 01:00:00,0.1,8.9,2.4,0,0,,False,5,10,4.0,0.0
2022-10-15 02:00:00,0.0,9.7,4.2,1,0,0.0,False,5,10,4.0,0.0
2022-10-15 03:00:00,0.1,9.5,4.4,2,0,0.0,False,5,10,4.0,0.0
2022-10-15 04:00:00,0.2,9.8,4.5,3,0,0.0,False,5,10,4.0,0.0
2022-10-15 05:00:00,0.1,10.2,5.0,4,0,0.0,False,5,10,4.0,0.0
2022-10-15 06:00:00,0.2,10.5,6.5,5,0,0.0,False,5,10,4.0,0.0
2022-10-15 07:00:00,4.3,9.0,4.6,6,0,0.0,False,5,10,4.0,0.25
2022-10-15 08:00:00,0.3,8.3,2.5,7,2,0.0,False,5,10,4.0,0.0
2022-10-15 09:00:00,0.0,8.9,3.1,8,0,2.0,False,5,10,4.0,0.75
2022-10-15 10:00:00,0.0,9.3,3.0,9,1,0.0,False,5,10,4.0,0.25
2022-10-15 11:00:00,0.0,11.0,2.4,10,2,1.0,False,5,10,4.0,0.0
2022-10-15 12:00:00,0.0,12.3,3.2,11,3,2.0,False,5,10,4.0,1.0
2022-10-15 13:00:00,0.0,13.5,1.3,12,0,3.0,False,5,10,4.0,1.0
2022-10-15 14:00:00,0.0,13.5,1.1,13,1,0.0,False,5,10,4.0,1.25
2022-10-15 15:00:00,0.0,11.9,2.4,14,3,1.0,False,5,10,4.0,0.75
2022-10-15 16:00:00,0.0,11.4,1.9,15,1,3.0,False,5,10,4.0,1.5
2022-10-15 17:00:00,0.0,11.0,1.0,16,3,1.0,False,5,10,4.0,1.5
2022-10-15 18:00:00,0.0,9.5,1.9,17,0,3.0,False,5,10,4.0,1.25
2022-10-15 19:00:00,0.0,9.7,2.4,18,0,0.0,False,5,10,4.0,0.25
2022-10-15 20:00:00,0.0,9.3,2.0,19,0,0.0,False,5,10,4.0,0.5
2022-10-15 21:00:00,0.0,9.2,2.5,20,0,0.0,False,5,10,4.0,0.0
2022-10-15 22:00:00,0.4,9.1,4.2,21,1,0.0,False,5,10,3.0,0.0
2022-10-15 23:00:00,2.9,9.1,5.4,22,0,1.0,False,5,10,4.0,0.5
2022-10-15 00:00:00,4.6,8.9,2.0,23,0,0.0,False,5,10,4.0,0.0
2022-10-16 01:00:00,0.1,8.8,0.8,0,0,,False,6,10,4.0,0.0
2022-10-16 02:00:00,0.0,8.2,2.5,1,0,0.0,False,6,10,4.0,0.0
2022-10-16 03:00:00,0.0,6.0,3.2,2,0,0.0,False,6,10,4.0,0.0
2022-10-16 04:00:00,0.0,4.8,1.2,3,1,0.0,False,6,10,4.0,0.0
2022-10-16 05:00:00,0.0,3.8,0.5,4,0,1.0,False,6,10,4.0,0.0
2022-10-16 06:00:00,0.0,3.3,1.4,5,0,0.0,False,6,10,4.0,0.0
2022-10-16 07:00:00,0.0,4.3,1.2,6,0,0.0,False,6,10,4.0,0.0
2022-10-16 08:00:00,0.0,5.1,0.8,7,1,0.0,False,6,10,4.0,0.0
2022-10-16 09:00:00,0.0,5.8,1.6,8,0,1.0,False,6,10,4.0,0.5
2022-10-16 10:00:00,0.0,6.4,1.8,9,0,0.0,False,6,10,4.0,0.0
2022-10-16 11:00:00,0.0,7.1,2.4,10,0,0.0,False,6,10,4.0,0.0
2022-10-16 12:00:00,0.9,8.1,1.3,11,0,0.0,False,6,10,4.0,0.0
2022-10-16 13:00:00,1.1,8.7,1.0,12,1,0.0,False,6,10,4.0,0.0
2022-10-16 14:00:00,2.1,8.3,1.7,13,1,1.0,False,6,10,3.0,0.25
2022-10-16 15:00:00,3.5,8.2,1.6,14,1,1.0,False,6,10,3.0,0.0
2022-10-16 16:00:00,0.5,8.3,2.0,15,0,1.0,False,6,10,3.0,0.5
2022-10-16 17:00:00,0.0,8.2,3.1,16,0,0.0,False,6,10,4.0,0.5
2022-10-16 18:00:00,0.0,7.7,2.5,17,0,0.0,False,6,10,4.0,0.0
2022-10-16 19:00:00,0.0,6.4,1.4,18,0,0.0,False,6,10,4.0,0.25
2022-10-16 20:00:00,0.0,6.2,4.0,19,1,0.0,False,6,10,4.0,0.75
2022-10-16 21:00:00,0.0,6.5,1.1,20,0,1.0,False,6,10,4.0,0.0
2022-10-16 22:00:00,0.0,5.9,2.2,21,0,0.0,False,6,10,4.0,0.0
2022-10-16 23:00:00,0.0,5.7,3.5,22,0,0.0,False,6,10,4.0,0.0
2022-10-16 00:00:00,0.0,5.1,0.9,23,0,0.0,False,6,10,4.0,0.0
2022-10-17 01:00:00,0.0,4.6,1.7,0,0,,False,0,10,4.0,0.0
2022-10-17 02:00:00,0.0,4.2,1.5,1,0,0.0,False,0,10,4.0,0.0
2022-10-17 03:00:00,0.0,3.8,2.0,2,0,0.0,False,0,10,4.0,0.0
2022-10-17 04:00:00,0.0,3.4,1.1,3,0,0.0,False,0,10,4.0,0.0
2022-10-17 05:00:00,0.0,2.9,2.3,4,0,0.0,False,0,10,4.0,0.0
2022-10-17 06:00:00,0.0,3.2,2.3,5,1,0.0,False,0,10,4.0,0.0
2022-10-17 07:00:00,0.0,3.0,1.6,6,1,1.0,False,0,10,4.0,0.5
2022-10-17 08:00:00,0.0,3.5,2.5,7,1,1.0,False,0,10,4.0,1.0
2022-10-17 09:00:00,0.0,4.4,2.0,8,3,1.0,False,0,10,4.0,0.75
2022-10-17 10:00:00,0.0,5.1,1.2,9,1,3.0,False,0,10,4.0,1.0
2022-10-17 11:00:00,0.0,6.1,0.2,10,1,1.0,False,0,10,3.0,0.75
2022-10-17 12:00:00,0.0,6.8,0.8,11,1,1.0,False,0,10,4.0,0.75
2022-10-17 13:00:00,0.0,6.5,0.7,12,0,1.0,False,0,10,4.0,1.0
2022-10-17 14:00:00,0.1,6.2,2.1,13,6,0.0,False,0,10,4.0,0.5
2022-10-17 15:00:00,0.6,7.0,4.1,14,10,6.0,False,0,10,4.0,1.75
2022-10-17 16:00:00,0.1,7.2,2.3,15,6,10.0,False,0,10,4.0,4.75
2022-10-17 17:00:00,0.0,7.2,1.7,16,1,6.0,False,0,10,4.0,3.0
2022-10-17 18:00:00,0.2,6.9,2.6,17,0,1.0,False,0,10,4.0,1.25
2022-10-17 19:00:00,0.5,6.7,4.0,18,2,0.0,False,0,10,4.0,0.0
2022-10-17 20:00:00,0.0,6.8,3.9,19,0,2.0,False,0,10,4.0,1.75
2022-10-17 21:00:00,0.0,6.8,2.7,20,0,0.0,False,0,10,4.0,2.0
2022-10-17 22:00:00,0.1,6.8,2.9,21,0,0.0,False,0,10,4.0,0.25
2022-10-17 23:00:00,0.0,6.4,2.6,22,1,0.0,False,0,10,3.0,0.0
2022-10-17 00:00:00,0.0,6.8,1.5,23,0,1.0,False,0,10,3.0,0.0
2022-10-18 01:00:00,0.0,6.5,1.1,0,0,,False,1,10,2.0,0.0
2022-10-18 02:00:00,0.0,6.3,1.0,1,0,0.0,False,1,10,2.0,0.0
2022-10-18 03:00:00,0.0,6.4,1.0,2,0,0.0,False,1,10,2.0,0.0
2022-10-18 04:00:00,0.0,6.4,0.7,3,1,0.0,False,1,10,2.0,0.0
2022-10-18 05:00:00,0.8,6.5,0.5,4,0,1.0,False,1,10,2.0,0.0
2022-10-18 06:00:00,0.3,6.5,1.7,5,2,0.0,False,1,10,2.0,0.0
2022-10-18 07:00:00,0.5,6.5,0.8,6,2,2.0,False,1,10,2.0,0.25
2022-10-18 08:00:00,0.4,6.6,0.7,7,2,2.0,False,1,10,3.0,1.25
2022-10-18 09:00:00,0.0,6.8,1.1,8,1,2.0,False,1,10,3.0,0.5
2022-10-18 10:00:00,0.0,7.2,2.0,9,0,1.0,False,1,10,4.0,1.0
2022-10-18 11:00:00,0.0,7.5,2.7,10,0,0.0,False,1,10,4.0,0.25
2022-10-18 12:00:00,0.0,8.9,3.0,11,0,0.0,False,1,10,4.0,0.25
2022-10-18 13:00:00,0.0,9.1,3.7,12,3,0.0,False,1,10,4.0,0.75
2022-10-18 14:00:00,0.0,9.7,4.0,13,5,3.0,False,1,10,4.0,2.0
2022-10-18 15:00:00,0.0,10.2,3.4,14,13,5.0,False,1,10,4.0,2.75
2022-10-18 16:00:00,0.0,10.4,2.6,15,10,13.0,False,1,10,4.0,6.25
2022-10-18 17:00:00,0.0,9.8,4.1,16,6,10.0,False,1,10,4.0,3.5
2022-10-18 18:00:00,0.0,8.5,2.7,17,1,6.0,False,1,10,4.0,1.0
2022-10-18 19:00:00,0.0,6.4,2.8,18,2,1.0,False,1,10,4.0,2.0
2022-10-18 20:00:00,0.0,5.5,3.1,19,3,2.0,False,1,10,4.0,1.25
2022-10-18 21:00:00,0.0,6.2,3.3,20,0,3.0,False,1,10,4.0,1.0
2022-10-18 22:00:00,0.0,5.4,3.0,21,0,0.0,False,1,10,4.0,0.5
2022-10-18 23:00:00,0.0,5.1,4.0,22,0,0.0,False,1,10,4.0,0.5
2022-10-18 00:00:00,0.0,4.4,3.5,23,0,0.0,False,1,10,3.0,0.0
2022-10-19 01:00:00,0.0,3.3,2.6,0,0,,False,2,10,3.0,0.0
2022-10-19 02:00:00,0.0,2.4,0.8,1,0,0.0,False,2,10,3.0,0.0
2022-10-19 03:00:00,0.0,1.7,1.1,2,0,0.0,False,2,10,3.0,0.0
2022-10-19 04:00:00,0.0,1.3,1.9,3,0,0.0,False,2,10,3.0,0.0
2022-10-19 05:00:00,0.0,1.7,3.8,4,0,0.0,False,2,10,3.0,0.0
2022-10-19 06:00:00,0.0,0.5,1.5,5,1,0.0,False,2,10,3.0,0.25
2022-10-19 07:00:00,0.0,0.3,1.5,6,4,1.0,False,2,10,3.0,0.5
2022-10-19 08:00:00,0.0,0.7,2.7,7,1,4.0,False,2,10,4.0,1.0
2022-10-19 09:00:00,0.0,1.1,1.3,8,0,1.0,False,2,10,4.0,0.25
2022-10-19 10:00:00,0.0,3.0,0.5,9,0,0.0,False,2,10,4.0,0.0
2022-10-19 11:00:00,0.0,4.1,0.7,10,1,0.0,False,2,10,4.0,0.25
2022-10-19 12:00:00,0.0,6.7,1.3,11,2,1.0,False,2,10,4.0,1.25
2022-10-19 13:00:00,0.0,7.4,1.8,12,2,2.0,False,2,10,4.0,0.5
2022-10-19 14:00:00,0.0,7.9,1.4,13,4,2.0,False,2,10,4.0,1.75
2022-10-19 15:00:00,0.0,8.1,1.6,14,11,4.0,False,2,10,4.0,3.0
2022-10-19 16:00:00,0.0,8.2,1.5,15,10,11.0,False,2,10,4.0,7.0
2022-10-19 17:00:00,0.0,7.1,2.0,16,7,10.0,False,2,10,4.0,7.75
2022-10-19 18:00:00,0.0,5.2,2.2,17,3,7.0,False,2,10,4.0,3.25
2022-10-19 19:00:00,0.0,3.5,0.6,18,0,3.0,False,2,10,4.0,1.5
2022-10-19 20:00:00,0.0,2.5,1.8,19,0,0.0,False,2,10,3.0,1.0
2022-10-19 21:00:00,0.0,2.1,2.0,20,0,0.0,False,2,10,3.0,1.5
2022-10-19 22:00:00,0.0,2.3,2.2,21,1,0.0,False,2,10,3.0,0.25
2022-10-19 23:00:00,0.0,1.7,1.9,22,0,1.0,False,2,10,3.0,0.5
2022-10-19 00:00:00,0.0,1.2,1.9,23,0,0.0,False,2,10,3.0,0.0
2022-10-20 01:00:00,0.0,0.7,1.9,0,0,,False,3,10,4.0,0.0
2022-10-20 02:00:00,0.0,-0.2,0.6,1,0,0.0,False,3,10,4.0,0.0
2022-10-20 03:00:00,0.0,0.1,0.9,2,0,0.0,False,3,10,4.0,0.0
2022-10-20 04:00:00,0.0,0.5,1.3,3,0,0.0,False,3,10,4.0,0.0
2022-10-20 05:00:00,0.0,0.8,1.0,4,0,0.0,False,3,10,4.0,0.0
2022-10-20 06:00:00,0.0,1.7,1.4,5,0,0.0,False,3,10,4.0,0.0
2022-10-20 07:00:00,0.0,2.1,1.0,6,5,0.0,False,3,10,4.0,0.5
2022-10-20 08:00:00,0.0,1.9,2.6,7,1,5.0,False,3,10,4.0,0.0
2022-10-20 09:00:00,0.0,2.2,2.2,8,0,1.0,False,3,10,4.0,1.5
2022-10-20 10:00:00,0.0,2.9,1.3,9,0,0.0,False,3,10,4.0,0.25
2022-10-20 11:00:00,0.0,3.5,1.6,10,2,0.0,False,3,10,4.0,1.25
2022-10-20 12:00:00,0.0,4.2,0.9,11,1,2.0,False,3,10,4.0,0.75
2022-10-20 13:00:00,0.0,4.4,1.1,12,1,1.0,False,3,10,4.0,0.5
2022-10-20 14:00:00,0.0,5.2,1.1,13,3,1.0,False,3,10,4.0,1.5
2022-10-20 15:00:00,0.0,5.5,1.0,14,12,3.0,False,3,10,4.0,3.0
2022-10-20 16:00:00,0.0,5.3,1.4,15,9,12.0,False,3,10,4.0,4.25
2022-10-20 17:00:00,0.0,5.1,2.0,16,2,9.0,False,3,10,4.0,3.25
2022-10-20 18:00:00,0.0,5.0,0.9,17,2,2.0,False,3,10,4.0,1.0
2022-10-20 19:00:00,0.0,4.9,1.8,18,3,2.0,False,3,10,4.0,1.75
2022-10-20 20:00:00,0.0,4.9,1.2,19,0,3.0,False,3,10,4.0,2.0
2022-10-20 21:00:00,0.0,4.9,1.3,20,0,0.0,False,3,10,4.0,1.25
2022-10-20 22:00:00,0.0,5.0,0.5,21,1,0.0,False,3,10,4.0,0.5
2022-10-20 23:00:00,0.0,4.8,2.1,22,0,1.0,False,3,10,4.0,0.25
2022-10-20 00:00:00,0.0,4.9,2.1,23,0,0.0,False,3,10,3.0,0.0
2022-10-21 01:00:00,0.0,4.6,2.7,0,0,,False,4,10,3.0,0.0
2022-10-21 02:00:00,0.0,4.4,3.2,1,0,0.0,False,4,10,4.0,0.0
2022-10-21 03:00:00,0.0,4.4,3.7,2,0,0.0,False,4,10,4.0,0.0
2022-10-21 04:00:00,0.0,4.2,3.7,3,0,0.0,False,4,10,4.0,0.0
2022-10-21 05:00:00,0.0,4.3,2.9,4,0,0.0,False,4,10,4.0,0.0
2022-10-21 06:00:00,0.0,3.9,4.5,5,0,0.0,False,4,10,4.0,0.0
2022-10-21 07:00:00,0.0,3.3,4.0,6,2,0.0,False,4,10,4.0,0.5
2022-10-21 08:00:00,0.0,3.3,3.9,7,1,2.0,False,4,10,4.0,0.25
2022-10-21 09:00:00,0.0,3.3,3.7,8,2,1.0,False,4,10,4.0,0.25
2022-10-21 10:00:00,0.0,3.5,4.8,9,3,2.0,False,4,10,4.0,0.75
2022-10-21 11:00:00,0.0,3.6,3.9,10,1,3.0,False,4,10,4.0,0.25
2022-10-21 12:00:00,0.0,4.4,4.1,11,0,1.0,False,4,10,4.0,0.5
2022-10-21 13:00:00,0.0,5.0,3.0,12,2,0.0,False,4,10,4.0,1.75
2022-10-21 14:00:00,0.0,5.2,2.6,13,5,2.0,False,4,10,4.0,1.75
2022-10-21 15:00:00,0.0,4.8,3.3,14,14,5.0,False,4,10,4.0,3.0
2022-10-21 16:00:00,0.0,4.8,4.7,15,5,14.0,False,4,10,4.0,3.5
2022-10-21 17:00:00,0.0,4.4,3.5,16,6,5.0,False,4,10,4.0,3.0
2022-10-21 18:00:00,0.0,4.3,3.0,17,0,6.0,False,4,10,4.0,1.5
2022-10-21 19:00:00,0.0,4.3,2.8,18,1,0.0,False,4,10,4.0,0.5
2022-10-21 20:00:00,0.0,4.3,3.9,19,0,1.0,False,4,10,4.0,0.0
2022-10-21 21:00:00,0.0,4.2,4.5,20,0,0.0,False,4,10,4.0,0.0
2022-10-21 22:00:00,0.0,4.4,3.2,21,2,0.0,False,4,10,4.0,0.5
2022-10-21 23:00:00,0.0,4.5,3.3,22,2,2.0,False,4,10,4.0,0.75
2022-10-21 00:00:00,0.0,4.5,2.5,23,0,2.0,False,4,10,3.0,0.0
2022-10-22 01:00:00,0.0,4.6,2.9,0,0,,False,5,10,3.0,0.0
2022-10-22 02:00:00,0.0,4.7,3.8,1,0,0.0,False,5,10,3.0,0.0
2022-10-22 03:00:00,0.0,4.9,4.1,2,0,0.0,False,5,10,3.0,0.0
2022-10-22 04:00:00,0.0,5.0,3.1,3,0,0.0,False,5,10,3.0,0.0
2022-10-22 05:00:00,0.0,5.0,1.0,4,0,0.0,False,5,10,3.0,0.0
2022-10-22 06:00:00,0.0,5.0,2.4,5,0,0.0,False,5,10,3.0,0.0
2022-10-22 07:00:00,0.0,5.0,1.4,6,0,0.0,False,5,10,3.0,0.25
2022-10-22 08:00:00,0.0,4.9,1.1,7,1,0.0,False,5,10,4.0,0.0
2022-10-22 09:00:00,0.0,5.1,0.7,8,1,1.0,False,5,10,3.0,0.0
2022-10-22 10:00:00,0.0,5.2,0.5,9,0,1.0,False,5,10,3.0,0.0
2022-10-22 11:00:00,0.0,5.7,0.7,10,3,0.0,False,5,10,4.0,0.25
2022-10-22 12:00:00,0.0,6.6,0.5,11,3,3.0,False,5,10,4.0,0.5
2022-10-22 13:00:00,0.0,7.0,0.5,12,1,3.0,False,5,10,4.0,0.75
2022-10-22 14:00:00,0.0,7.1,0.9,13,2,1.0,False,5,10,4.0,0.75
2022-10-22 15:00:00,0.0,7.3,0.9,14,4,2.0,False,5,10,4.0,0.5
2022-10-22 16:00:00,0.0,7.4,0.4,15,1,4.0,False,5,10,4.0,0.75
2022-10-22 17:00:00,0.0,7.1,1.2,16,0,1.0,False,5,10,4.0,1.0
2022-10-22 18:00:00,0.0,5.6,1.5,17,0,0.0,False,5,10,4.0,0.25
2022-10-22 19:00:00,0.0,4.4,0.7,18,0,0.0,False,5,10,4.0,0.0
2022-10-22 20:00:00,0.0,3.4,0.9,19,0,0.0,False,5,10,4.0,1.25
2022-10-22 21:00:00,0.0,2.8,1.9,20,1,0.0,False,5,10,4.0,0.0
2022-10-22 22:00:00,0.0,2.4,1.6,21,0,1.0,False,5,10,3.0,0.25
2022-10-22 23:00:00,0.0,2.3,2.1,22,0,0.0,False,5,10,4.0,0.5
2022-10-22 00:00:00,0.0,1.3,1.3,23,0,0.0,False,5,10,4.0,0.0
2022-10-23 01:00:00,0.0,1.6,2.6,0,0,,False,6,10,4.0,0.0
2022-10-23 02:00:00,0.0,0.9,1.3,1,0,0.0,False,6,10,4.0,0.0
2022-10-23 03:00:00,0.0,0.9,1.0,2,0,0.0,False,6,10,4.0,0.0
2022-10-23 04:00:00,0.0,0.9,1.0,3,0,0.0,False,6,10,4.0,0.0
2022-10-23 05:00:00,0.0,1.3,2.1,4,0,0.0,False,6,10,4.0,0.0
2022-10-23 06:00:00,0.0,1.9,2.2,5,0,0.0,False,6,10,4.0,0.0
2022-10-23 07:00:00,0.0,2.2,3.0,6,0,0.0,False,6,10,4.0,0.0
2022-10-23 08:00:00,0.0,2.6,1.4,7,0,0.0,False,6,10,4.0,0.25
2022-10-23 09:00:00,0.0,2.8,2.1,8,1,0.0,False,6,10,4.0,0.0
2022-10-23 10:00:00,0.0,3.1,2.0,9,1,1.0,False,6,10,4.0,0.0
2022-10-23 11:00:00,0.0,3.6,2.4,10,6,1.0,False,6,10,4.0,0.25
2022-10-23 12:00:00,0.0,4.0,2.2,11,0,6.0,False,6,10,4.0,0.0
2022-10-23 13:00:00,0.0,4.3,1.8,12,2,0.0,False,6,10,4.0,0.25
2022-10-23 14:00:00,0.1,4.2,2.3,13,4,2.0,False,6,10,4.0,0.75
2022-10-23 15:00:00,0.0,4.5,2.1,14,1,4.0,False,6,10,4.0,0.0
2022-10-23 16:00:00,0.0,4.7,2.3,15,1,1.0,False,6,10,4.0,0.0
2022-10-23 17:00:00,0.0,4.9,2.3,16,1,1.0,False,6,10,4.0,0.25
2022-10-23 18:00:00,0.0,4.9,1.6,17,0,1.0,False,6,10,4.0,0.5
2022-10-23 19:00:00,0.0,4.9,1.6,18,0,0.0,False,6,10,4.0,0.25
2022-10-23 20:00:00,0.0,4.9,2.6,19,0,0.0,False,6,10,4.0,0.0
2022-10-23 21:00:00,0.0,4.9,2.6,20,0,0.0,False,6,10,4.0,0.75
2022-10-23 22:00:00,0.0,4.8,3.2,21,0,0.0,False,6,10,4.0,0.0
2022-10-23 23:00:00,0.0,4.7,3.1,22,0,0.0,False,6,10,4.0,0.0
2022-10-23 00:00:00,0.0,4.7,3.8,23,0,0.0,False,6,10,4.0,0.0
2022-10-24 01:00:00,0.0,5.0,3.5,0,0,,False,0,10,4.0,0.0
2022-10-24 02:00:00,0.0,5.0,2.5,1,0,0.0,False,0,10,4.0,0.0
2022-10-24 03:00:00,0.1,4.9,3.3,2,0,0.0,False,0,10,4.0,0.0
2022-10-24 04:00:00,0.1,5.0,3.9,3,0,0.0,False,0,10,4.0,0.0
2022-10-24 05:00:00,0.1,5.0,4.3,4,0,0.0,False,0,10,4.0,0.0
2022-10-24 06:00:00,0.0,5.0,4.9,5,1,0.0,False,0,10,4.0,0.25
2022-10-24 07:00:00,0.1,5.1,3.5,6,0,1.0,False,0,10,4.0,0.5
2022-10-24 08:00:00,0.1,5.1,4.0,7,1,0.0,False,0,10,4.0,0.5
2022-10-24 09:00:00,0.0,5.4,4.3,8,1,1.0,False,0,10,4.0,0.5
2022-10-24 10:00:00,0.0,5.7,4.6,9,0,1.0,False,0,10,4.0,0.25
2022-10-24 11:00:00,0.0,6.2,4.4,10,0,0.0,False,0,10,4.0,1.5
2022-10-24 12:00:00,0.0,6.3,6.2,11,3,0.0,False,0,10,4.0,1.25
2022-10-24 13:00:00,0.0,6.6,3.2,12,2,3.0,False,0,10,4.0,0.75
2022-10-24 14:00:00,0.0,6.8,4.3,13,2,2.0,False,0,10,4.0,1.0
2022-10-24 15:00:00,0.2,6.8,6.3,14,5,2.0,False,0,10,4.0,0.75
2022-10-24 16:00:00,0.2,6.8,5.8,15,9,5.0,False,0,10,4.0,4.25
2022-10-24 17:00:00,0.1,7.1,5.2,16,1,9.0,False,0,10,4.0,3.25
2022-10-24 18:00:00,0.5,7.0,5.6,17,2,1.0,False,0,10,4.0,2.0
2022-10-24 19:00:00,0.5,7.1,6.1,18,1,2.0,False,0,10,4.0,0.5
2022-10-24 20:00:00,0.1,7.4,6.4,19,0,1.0,False,0,10,4.0,0.5
2022-10-24 21:00:00,0.2,7.7,5.8,20,0,0.0,False,0,10,4.0,1.25
2022-10-24 22:00:00,0.6,7.8,5.7,21,1,0.0,False,0,10,4.0,0.0
2022-10-24 23:00:00,1.7,8.1,6.3,22,0,1.0,False,0,10,4.0,0.25
2022-10-24 00:00:00,2.0,8.1,5.3,23,0,0.0,False,0,10,4.0,0.0
2022-10-25 01:00:00,2.3,8.1,5.5,0,0,,False,1,10,4.0,0.0
2022-10-25 02:00:00,0.3,8.3,5.2,1,0,0.0,False,1,10,4.0,0.0
2022-10-25 03:00:00,1.1,8.1,4.5,2,0,0.0,False,1,10,4.0,0.0
2022-10-25 04:00:00,0.2,8.3,6.0,3,0,0.0,False,1,10,4.0,0.0
2022-10-25 05:00:00,0.0,8.3,5.6,4,0,0.0,False,1,10,4.0,0.0
2022-10-25 06:00:00,0.0,8.4,5.6,5,0,0.0,False,1,10,4.0,0.0
2022-10-25 07:00:00,0.0,8.6,5.4,6,4,0.0,False,1,10,4.0,0.25
2022-10-25 08:00:00,0.6,8.6,5.3,7,2,4.0,False,1,10,4.0,0.75
2022-10-25 09:00:00,0.5,8.8,4.8,8,0,2.0,False,1,10,4.0,0.25
2022-10-25 10:00:00,0.0,8.5,4.1,9,1,0.0,False,1,10,4.0,0.0
2022-10-25 11:00:00,0.2,8.6,3.3,10,1,1.0,False,1,10,4.0,0.75
2022-10-25 12:00:00,0.2,8.8,2.7,11,0,1.0,False,1,10,4.0,0.25
2022-10-25 13:00:00,0.3,9.2,0.5,12,2,0.0,False,1,10,4.0,1.75
2022-10-25 14:00:00,0.1,9.5,1.2,13,1,2.0,False,1,10,4.0,0.25
2022-10-25 15:00:00,0.0,10.0,0.6,14,13,1.0,False,1,10,4.0,2.0
2022-10-25 16:00:00,0.0,9.8,0.5,15,5,13.0,False,1,10,4.0,5.25
2022-10-25 17:00:00,0.0,9.5,0.6,16,6,5.0,False,1,10,4.0,3.75
2022-10-25 18:00:00,0.0,8.8,0.4,17,2,6.0,False,1,10,4.0,2.5
2022-10-25 19:00:00,0.0,7.4,0.9,18,1,2.0,False,1,10,4.0,0.5
2022-10-25 20:00:00,0.0,6.4,0.7,19,2,1.0,False,1,10,2.0,0.75
2022-10-25 21:00:00,0.0,5.9,2.0,20,1,2.0,False,1,10,3.0,0.5
2022-10-25 22:00:00,0.0,6.1,2.0,21,0,1.0,False,1,10,3.0,0.75
2022-10-25 23:00:00,0.0,6.0,2.4,22,0,0.0,False,1,10,2.0,0.5
2022-10-25 00:00:00,0.0,5.3,2.0,23,0,0.0,False,1,10,3.0,0.0
2022-10-26 01:00:00,0.0,4.3,2.3,0,0,,False,2,10,3.0,0.0
2022-10-26 02:00:00,0.0,3.5,0.1,1,0,0.0,False,2,10,3.0,0.0
2022-10-26 03:00:00,0.0,3.9,1.8,2,0,0.0,False,2,10,3.0,0.0
2022-10-26 04:00:00,0.0,3.5,1.1,3,0,0.0,False,2,10,3.0,0.0
2022-10-26 05:00:00,0.0,2.8,2.2,4,0,0.0,False,2,10,3.0,0.0
2022-10-26 06:00:00,0.0,2.8,2.0,5,1,0.0,False,2,10,3.0,0.25
2022-10-26 07:00:00,0.0,3.1,1.5,6,3,1.0,False,2,10,4.0,0.25
2022-10-26 08:00:00,0.0,3.1,1.4,7,1,3.0,False,2,10,4.0,0.75
2022-10-26 09:00:00,0.0,3.3,2.0,8,3,1.0,False,2,10,4.0,0.0
2022-10-26 10:00:00,0.0,3.6,1.7,9,3,3.0,False,2,10,4.0,0.75
2022-10-26 11:00:00,0.0,4.3,0.9,10,0,3.0,False,2,10,4.0,0.75
2022-10-26 12:00:00,0.0,4.8,1.7,11,2,0.0,False,2,10,4.0,1.25
2022-10-26 13:00:00,0.0,5.3,1.2,12,3,2.0,False,2,10,4.0,0.75
2022-10-26 14:00:00,0.0,5.7,1.8,13,3,3.0,False,2,10,4.0,1.0
2022-10-26 15:00:00,0.0,5.8,0.2,14,13,3.0,False,2,10,4.0,2.5
2022-10-26 16:00:00,0.0,5.5,1.0,15,11,13.0,False,2,10,4.0,3.5
2022-10-26 17:00:00,0.0,5.5,0.7,16,3,11.0,False,2,10,4.0,5.5
2022-10-26 18:00:00,0.0,5.5,0.8,17,1,3.0,False,2,10,4.0,2.5
2022-10-26 19:00:00,0.0,5.7,1.1,18,0,1.0,False,2,10,4.0,0.5
2022-10-26 20:00:00,0.0,5.8,1.6,19,1,0.0,False,2,10,4.0,1.5
2022-10-26 21:00:00,0.0,6.1,1.2,20,0,1.0,False,2,10,4.0,1.0
2022-10-26 22:00:00,0.0,6.3,0.6,21,0,0.0,False,2,10,4.0,0.75
2022-10-26 23:00:00,0.4,6.5,1.1,22,0,0.0,False,2,10,4.0,0.75
2022-10-26 00:00:00,0.1,6.7,2.1,23,0,0.0,False,2,10,4.0,0.0
2022-10-27 01:00:00,0.2,6.8,2.8,0,0,,False,3,10,4.0,0.0
2022-10-27 02:00:00,0.3,7.4,1.5,1,0,0.0,False,3,10,4.0,0.0
2022-10-27 03:00:00,0.3,7.7,1.6,2,0,0.0,False,3,10,4.0,0.0
2022-10-27 04:00:00,0.3,7.9,0.3,3,0,0.0,False,3,10,4.0,0.0
2022-10-27 05:00:00,0.0,8.4,1.1,4,0,0.0,False,3,10,4.0,0.0
2022-10-27 06:00:00,0.0,8.5,1.9,5,2,0.0,False,3,10,4.0,0.0
2022-10-27 07:00:00,0.0,8.5,1.2,6,2,2.0,False,3,10,4.0,0.75
2022-10-27 08:00:00,0.0,9.3,0.9,7,0,2.0,False,3,10,4.0,0.5
2022-10-27 09:00:00,0.0,9.5,1.2,8,0,0.0,False,3,10,4.0,0.75
2022-10-27 10:00:00,0.0,9.7,1.4,9,1,0.0,False,3,10,4.0,0.0
2022-10-27 11:00:00,0.0,10.0,0.3,10,5,1.0,False,3,10,4.0,1.75
2022-10-27 12:00:00,0.0,10.5,1.1,11,1,5.0,False,3,10,4.0,1.0
2022-10-27 13:00:00,0.0,11.0,0.2,12,2,1.0,False,3,10,4.0,0.75
2022-10-27 14:00:00,0.0,11.5,0.9,13,7,2.0,False,3,10,4.0,1.0
2022-10-27 15:00:00,0.0,11.8,2.4,14,6,7.0,False,3,10,4.0,1.75
2022-10-27 16:00:00,0.0,11.8,0.5,15,2,6.0,False,3,10,4.0,5.25
2022-10-27 17:00:00,0.0,11.2,0.3,16,5,2.0,False,3,10,4.0,2.25
2022-10-27 18:00:00,0.0,10.3,2.1,17,1,5.0,False,3,10,3.0,0.25
2022-10-27 19:00:00,0.0,9.8,1.0,18,0,1.0,False,3,10,3.0,1.0
2022-10-27 20:00:00,0.0,10.0,1.2,19,0,0.0,False,3,10,3.0,0.75
2022-10-27 21:00:00,0.0,10.5,1.2,20,0,0.0,False,3,10,4.0,1.75
2022-10-27 22:00:00,0.0,9.6,2.1,21,0,0.0,False,3,10,3.0,1.25
2022-10-27 23:00:00,0.0,9.1,0.5,22,0,0.0,False,3,10,4.0,0.0
2022-10-27 00:00:00,0.0,9.1,0.9,23,0,0.0,False,3,10,3.0,0.0
2022-10-28 01:00:00,0.0,8.9,0.2,0,0,,False,4,10,3.0,0.0
2022-10-28 02:00:00,0.1,9.4,1.0,1,0,0.0,False,4,10,3.0,0.0
2022-10-28 03:00:00,0.0,9.6,0.5,2,0,0.0,False,4,10,3.0,0.0
2022-10-28 04:00:00,0.1,9.7,0.7,3,0,0.0,False,4,10,3.0,0.0
2022-10-28 05:00:00,0.1,10.0,1.0,4,0,0.0,False,4,10,3.0,0.0
2022-10-28 06:00:00,0.0,10.0,0.6,5,2,0.0,False,4,10,3.0,0.0
2022-10-28 07:00:00,0.0,10.3,1.1,6,0,2.0,False,4,10,3.0,0.75
2022-10-28 08:00:00,0.0,10.6,1.0,7,0,0.0,False,4,10,4.0,1.0
2022-10-28 09:00:00,0.0,10.6,1.4,8,1,0.0,False,4,10,4.0,0.0
2022-10-28 10:00:00,0.0,10.8,1.8,9,0,1.0,False,4,10,4.0,0.25
2022-10-28 11:00:00,0.0,10.6,1.1,10,3,0.0,False,4,10,4.0,0.75
2022-10-28 12:00:00,0.0,10.8,0.4,11,3,3.0,False,4,10,4.0,1.25
2022-10-28 13:00:00,0.0,11.2,1.6,12,0,3.0,False,4,10,4.0,1.25
2022-10-28 14:00:00,0.0,11.5,1.5,13,6,0.0,False,4,10,4.0,1.25
2022-10-28 15:00:00,0.0,11.5,1.0,14,12,6.0,False,4,10,4.0,3.5
2022-10-28 16:00:00,0.0,11.6,1.3,15,4,12.0,False,4,10,4.0,6.0
2022-10-28 17:00:00,0.0,11.6,0.7,16,1,4.0,False,4,10,4.0,2.75
2022-10-28 18:00:00,0.0,11.6,3.2,17,0,1.0,False,4,10,4.0,1.75
2022-10-28 19:00:00,0.0,11.6,3.2,18,0,0.0,False,4,10,4.0,1.0
2022-10-28 20:00:00,0.0,11.6,2.6,19,0,0.0,False,4,10,4.0,0.25
2022-10-28 21:00:00,0.0,11.6,2.5,20,0,0.0,False,4,10,4.0,0.25
2022-10-28 22:00:00,0.8,11.5,3.2,21,1,0.0,False,4,10,4.0,0.25
2022-10-28 23:00:00,3.9,11.3,2.2,22,0,1.0,False,4,10,4.0,0.0
2022-10-28 00:00:00,3.4,11.3,1.0,23,0,0.0,False,4,10,4.0,0.0
2022-10-29 01:00:00,0.1,11.5,1.6,0,0,,False,5,10,4.0,0.0
2022-10-29 02:00:00,0.0,11.5,1.8,1,0,0.0,False,5,10,4.0,0.0
2022-10-29 03:00:00,0.0,11.5,2.5,2,0,0.0,False,5,10,4.0,0.0
2022-10-29 04:00:00,0.0,11.2,0.7,3,0,0.0,False,5,10,4.0,0.0
2022-10-29 05:00:00,0.0,10.2,0.9,4,0,0.0,False,5,10,4.0,0.0
2022-10-29 06:00:00,0.0,9.4,3.7,5,0,0.0,False,5,10,4.0,0.0
2022-10-29 07:00:00,0.0,9.4,3.1,6,0,0.0,False,5,10,4.0,0.0
2022-10-29 08:00:00,0.0,8.8,0.6,7,0,0.0,False,5,10,4.0,0.0
2022-10-29 09:00:00,0.0,8.0,0.8,8,0,0.0,False,5,10,4.0,0.0
2022-10-29 10:00:00,0.0,7.9,0.6,9,0,0.0,False,5,10,4.0,0.0
2022-10-29 11:00:00,0.0,9.3,1.5,10,0,0.0,False,5,10,4.0,0.0
2022-10-29 12:00:00,0.0,11.7,3.6,11,2,0.0,False,5,10,4.0,0.0
2022-10-29 13:00:00,0.0,12.3,5.1,12,1,2.0,False,5,10,4.0,0.0
2022-10-29 14:00:00,0.0,13.3,3.2,13,2,1.0,False,5,10,4.0,0.0
2022-10-29 15:00:00,0.0,13.0,4.1,14,2,2.0,False,5,10,4.0,0.0
2022-10-29 16:00:00,0.0,13.3,0.9,15,4,2.0,False,5,10,4.0,0.0
2022-10-29 17:00:00,0.0,13.1,2.2,16,4,4.0,False,5,10,4.0,0.0
2022-10-29 18:00:00,0.0,12.1,3.0,17,0,4.0,False,5,10,4.0,0.0
2022-10-29 19:00:00,0.0,10.1,1.4,18,0,0.0,False,5,10,4.0,0.0
2022-10-29 20:00:00,0.0,7.7,0.8,19,0,0.0,False,5,10,4.0,0.0
2022-10-29 21:00:00,0.0,7.1,1.9,20,0,0.0,False,5,10,4.0,0.0
2022-10-29 22:00:00,0.0,6.2,2.0,21,0,0.0,False,5,10,4.0,0.0
2022-10-29 23:00:00,0.0,6.0,1.7,22,1,0.0,False,5,10,4.0,0.0
2022-10-29 00:00:00,0.0,5.4,1.9,23,0,1.0,False,5,10,4.0,0.0
2022-10-30 01:00:00,0.0,4.8,2.7,0,0,,False,6,10,0.0,0.0
2022-10-30 02:00:00,0.0,4.8,2.7,1,0,0.0,False,6,10,0.0,0.0
2022-10-30 03:00:00,0.0,4.9,3.2,2,0,0.0,False,6,10,0.0,0.0
2022-10-30 04:00:00,0.0,4.3,1.7,3,0,0.0,False,6,10,0.0,0.0
2022-10-30 05:00:00,0.0,3.1,0.5,4,0,0.0,False,6,10,0.0,0.0
2022-10-30 06:00:00,0.0,2.9,0.9,5,0,0.0,False,6,10,0.0,0.0
2022-10-30 07:00:00,0.0,2.4,0.4,6,0,0.0,False,6,10,0.0,0.0
2022-10-30 08:00:00,0.0,2.4,1.8,7,0,0.0,False,6,10,0.0,0.0
2022-10-30 09:00:00,0.0,2.7,2.6,8,0,0.0,False,6,10,0.0,0.0
2022-10-30 10:00:00,0.0,3.3,0.6,9,0,0.0,False,6,10,0.0,0.0
2022-10-30 11:00:00,0.0,4.4,0.3,10,0,0.0,False,6,10,0.0,0.0
2022-10-30 12:00:00,0.0,6.5,1.8,11,0,0.0,False,6,10,0.0,0.0
2022-10-30 13:00:00,0.0,7.3,0.6,12,0,0.0,False,6,10,0.0,0.0
2022-10-30 14:00:00,0.0,7.6,0.2,13,2,0.0,False,6,10,0.0,0.0
2022-10-30 15:00:00,0.0,7.6,1.3,14,0,2.0,False,6,10,0.0,0.0
2022-10-30 16:00:00,0.0,7.5,0.5,15,0,0.0,False,6,10,0.0,0.0
2022-10-30 17:00:00,0.3,7.3,0.1,16,1,0.0,False,6,10,0.0,0.0
2022-10-30 18:00:00,0.2,7.2,0.8,17,0,1.0,False,6,10,0.0,0.0
2022-10-30 19:00:00,0.0,7.5,0.8,18,1,0.0,False,6,10,0.0,0.0
2022-10-30 20:00:00,0.0,7.6,0.8,19,0,1.0,False,6,10,0.0,0.0
2022-10-30 21:00:00,0.0,7.7,1.1,20,0,0.0,False,6,10,0.0,0.0
2022-10-30 22:00:00,0.0,7.9,1.4,21,0,0.0,False,6,10,0.0,0.0
2022-10-30 23:00:00,0.0,8.1,1.4,22,0,0.0,False,6,10,0.0,0.0
2022-10-30 00:00:00,0.1,7.9,1.6,23,0,0.0,False,6,10,0.0,0.0
2022-10-31 01:00:00,0.2,8.0,0.7,0,0,,False,0,10,3.0,0.0
2022-10-31 02:00:00,0.3,8.0,1.2,1,0,0.0,False,0,10,3.0,0.0
2022-10-31 03:00:00,0.1,8.3,1.8,2,0,0.0,False,0,10,3.0,0.0
2022-10-31 04:00:00,0.0,7.9,1.0,3,0,0.0,False,0,10,3.0,0.0
2022-10-31 05:00:00,0.0,7.7,0.9,4,0,0.0,False,0,10,3.0,0.0
2022-10-31 06:00:00,0.0,7.8,0.3,5,0,0.0,False,0,10,3.0,0.0
2022-10-31 07:00:00,0.0,8.2,0.2,6,1,0.0,False,0,10,3.0,0.0
2022-10-31 08:00:00,0.0,8.7,0.9,7,1,1.0,False,0,10,4.0,0.0
2022-10-31 09:00:00,0.0,8.9,1.2,8,1,1.0,False,0,10,4.0,0.0
2022-10-31 10:00:00,0.0,9.2,2.0,9,0,1.0,False,0,10,4.0,0.0
2022-10-31 11:00:00,0.0,9.6,1.5,10,3,0.0,False,0,10,4.0,0.0
2022-10-31 12:00:00,0.0,10.1,1.5,11,1,3.0,False,0,10,4.0,0.0
2022-10-31 13:00:00,0.0,10.8,2.0,12,1,1.0,False,0,10,4.0,0.0
2022-10-31 14:00:00,0.0,11.6,1.8,13,2,1.0,False,0,10,4.0,0.0
2022-10-31 15:00:00,0.0,12.3,1.7,14,7,2.0,False,0,10,4.0,0.0
2022-10-31 16:00:00,0.0,12.6,1.3,15,14,7.0,False,0,10,4.0,0.0
2022-10-31 17:00:00,0.0,11.4,1.1,16,9,14.0,False,0,10,4.0,0.0
2022-10-31 18:00:00,0.0,10.4,1.1,17,2,9.0,False,0,10,4.0,0.0
2022-10-31 19:00:00,0.0,9.5,1.1,18,2,2.0,False,0,10,4.0,0.0
2022-10-31 20:00:00,0.0,8.2,0.3,19,1,2.0,False,0,10,3.0,0.0
2022-10-31 21:00:00,0.0,6.8,0.4,20,0,1.0,False,0,10,3.0,0.0
2022-10-31 22:00:00,0.0,7.5,1.2,21,0,0.0,False,0,10,3.0,0.0
2022-10-31 23:00:00,0.0,8.5,0.8,22,0,0.0,False,0,10,3.0,0.0
2022-10-31 00:00:00,0.0,8.5,0.8,23,0,0.0,False,0,10,3.0,0.0
